list(A = structure(c(1, 0, 0, 0, 0, 0, 0, 0, 0, 0, 0, 0, 0, 0, 
0, 0, 0, 0, 0, 0, 0, 0, 0, 0, 0, 0, 0, 0, 0, 0, 0, 0, 0, 0, 0, 
0, 0, 0, 0, 0, 0, 0, 0, 0, 0, 0, 0, 0, 0, 0, 0, 0, 0, 0, 0, 0, 
0, 0, 0, 0, 0, 0, 0, 0, 0, 0, 0, 0, 0, 0, 0, 0, 0, 0, 0, 0, 0, 
0, 0, 0, 0, 0, 0, 0, 0, 0, 0, 0, 0, 0, 0, 0, 0, 0, 0, 0, 0, 0, 
0, 1, 0.8, 0.8, 0.8, 0.8, 0.8, 0.8, 0.8, 0.8, 0.8, 0.8, 0.8, 
0.8, 0.8, 0.8, 0.8, 0.8, 0.8, 0.8, 0.8, 0.8, 0.01, 0.01, 0.01, 
0.01, 0.01, 0.01, 0.01, 0.01, 0.01, 0.01, 0.01, 0.01, 0.01, 0.01, 
0.01, 0.01, 0.01, 0.01, 0.01, 0.01, 0.01, 0.01, 0.01, 0.01, 0.01, 
0.01, 0.01, 0.01, 0.01, 0.01, 0.01, 0.01, 0.01, 0.01, 0.01, 0.01, 
0.01, 0.01, 0.01, 0.01, 0.01, 0.01, 0.01, 0.01, 0.01, 0.01, 0.01, 
0.01, 0.01, 0.01, 0.01, 0.01, 0.01, 0.01, 0.01, 0.01, 0.01, 0.01, 
0.01, 0.01, 0.01, 0.01, 0.01, 0.01, 0.01, 0.01, 0.01, 0.01, 0.01, 
0.01, 0.01, 0.01, 0.01, 0.01, 0.01, 0.01, 0, 0.8, 1, 0.99, 0.81, 
0.81, 0.81, 0.81, 0.81, 0.81, 0.81, 0.81, 0.81, 0.81, 0.81, 0.81, 
0.81, 0.81, 0.81, 0.81, 0.81, 0.81, 0.01, 0.01, 0.01, 0.01, 0.01, 
0.01, 0.01, 0.01, 0.01, 0.01, 0.01, 0.01, 0.01, 0.01, 0.01, 0.01, 
0.01, 0.01, 0.01, 0.01, 0.01, 0.01, 0.01, 0.01, 0.01, 0.01, 0.01, 
0.01, 0.01, 0.01, 0.01, 0.01, 0.01, 0.01, 0.01, 0.01, 0.01, 0.01, 
0.01, 0.01, 0.01, 0.01, 0.01, 0.01, 0.01, 0.01, 0.01, 0.01, 0.01, 
0.01, 0.01, 0.01, 0.01, 0.01, 0.01, 0.01, 0.01, 0.01, 0.01, 0.01, 
0.01, 0.01, 0.01, 0.01, 0.01, 0.01, 0.01, 0.01, 0.01, 0.01, 0.01, 
0.01, 0.01, 0.01, 0.01, 0.01, 0, 0.8, 0.99, 1, 0.81, 0.81, 0.81, 
0.81, 0.81, 0.81, 0.81, 0.81, 0.81, 0.81, 0.81, 0.81, 0.81, 0.81, 
0.81, 0.81, 0.81, 0.81, 0.01, 0.01, 0.01, 0.01, 0.01, 0.01, 0.01, 
0.01, 0.01, 0.01, 0.01, 0.01, 0.01, 0.01, 0.01, 0.01, 0.01, 0.01, 
0.01, 0.01, 0.01, 0.01, 0.01, 0.01, 0.01, 0.01, 0.01, 0.01, 0.01, 
0.01, 0.01, 0.01, 0.01, 0.01, 0.01, 0.01, 0.01, 0.01, 0.01, 0.01, 
0.01, 0.01, 0.01, 0.01, 0.01, 0.01, 0.01, 0.01, 0.01, 0.01, 0.01, 
0.01, 0.01, 0.01, 0.01, 0.01, 0.01, 0.01, 0.01, 0.01, 0.01, 0.01, 
0.01, 0.01, 0.01, 0.01, 0.01, 0.01, 0.01, 0.01, 0.01, 0.01, 0.01, 
0.01, 0.01, 0.01, 0, 0.8, 0.81, 0.81, 1, 0.83, 0.83, 0.83, 0.83, 
0.83, 0.83, 0.83, 0.83, 0.83, 0.83, 0.83, 0.83, 0.83, 0.83, 0.83, 
0.83, 0.83, 0.01, 0.01, 0.01, 0.01, 0.01, 0.01, 0.01, 0.01, 0.01, 
0.01, 0.01, 0.01, 0.01, 0.01, 0.01, 0.01, 0.01, 0.01, 0.01, 0.01, 
0.01, 0.01, 0.01, 0.01, 0.01, 0.01, 0.01, 0.01, 0.01, 0.01, 0.01, 
0.01, 0.01, 0.01, 0.01, 0.01, 0.01, 0.01, 0.01, 0.01, 0.01, 0.01, 
0.01, 0.01, 0.01, 0.01, 0.01, 0.01, 0.01, 0.01, 0.01, 0.01, 0.01, 
0.01, 0.01, 0.01, 0.01, 0.01, 0.01, 0.01, 0.01, 0.01, 0.01, 0.01, 
0.01, 0.01, 0.01, 0.01, 0.01, 0.01, 0.01, 0.01, 0.01, 0.01, 0.01, 
0.01, 0, 0.8, 0.81, 0.81, 0.83, 1, 0.99, 0.84, 0.84, 0.84, 0.84, 
0.84, 0.84, 0.84, 0.84, 0.84, 0.84, 0.84, 0.84, 0.84, 0.84, 0.84, 
0.01, 0.01, 0.01, 0.01, 0.01, 0.01, 0.01, 0.01, 0.01, 0.01, 0.01, 
0.01, 0.01, 0.01, 0.01, 0.01, 0.01, 0.01, 0.01, 0.01, 0.01, 0.01, 
0.01, 0.01, 0.01, 0.01, 0.01, 0.01, 0.01, 0.01, 0.01, 0.01, 0.01, 
0.01, 0.01, 0.01, 0.01, 0.01, 0.01, 0.01, 0.01, 0.01, 0.01, 0.01, 
0.01, 0.01, 0.01, 0.01, 0.01, 0.01, 0.01, 0.01, 0.01, 0.01, 0.01, 
0.01, 0.01, 0.01, 0.01, 0.01, 0.01, 0.01, 0.01, 0.01, 0.01, 0.01, 
0.01, 0.01, 0.01, 0.01, 0.01, 0.01, 0.01, 0.01, 0.01, 0.01, 0, 
0.8, 0.81, 0.81, 0.83, 0.99, 1, 0.84, 0.84, 0.84, 0.84, 0.84, 
0.84, 0.84, 0.84, 0.84, 0.84, 0.84, 0.84, 0.84, 0.84, 0.84, 0.01, 
0.01, 0.01, 0.01, 0.01, 0.01, 0.01, 0.01, 0.01, 0.01, 0.01, 0.01, 
0.01, 0.01, 0.01, 0.01, 0.01, 0.01, 0.01, 0.01, 0.01, 0.01, 0.01, 
0.01, 0.01, 0.01, 0.01, 0.01, 0.01, 0.01, 0.01, 0.01, 0.01, 0.01, 
0.01, 0.01, 0.01, 0.01, 0.01, 0.01, 0.01, 0.01, 0.01, 0.01, 0.01, 
0.01, 0.01, 0.01, 0.01, 0.01, 0.01, 0.01, 0.01, 0.01, 0.01, 0.01, 
0.01, 0.01, 0.01, 0.01, 0.01, 0.01, 0.01, 0.01, 0.01, 0.01, 0.01, 
0.01, 0.01, 0.01, 0.01, 0.01, 0.01, 0.01, 0.01, 0.01, 0, 0.8, 
0.81, 0.81, 0.83, 0.84, 0.84, 1, 0.99, 0.93, 0.93, 0.93, 0.93, 
0.93, 0.93, 0.86, 0.86, 0.86, 0.86, 0.86, 0.86, 0.86, 0.01, 0.01, 
0.01, 0.01, 0.01, 0.01, 0.01, 0.01, 0.01, 0.01, 0.01, 0.01, 0.01, 
0.01, 0.01, 0.01, 0.01, 0.01, 0.01, 0.01, 0.01, 0.01, 0.01, 0.01, 
0.01, 0.01, 0.01, 0.01, 0.01, 0.01, 0.01, 0.01, 0.01, 0.01, 0.01, 
0.01, 0.01, 0.01, 0.01, 0.01, 0.01, 0.01, 0.01, 0.01, 0.01, 0.01, 
0.01, 0.01, 0.01, 0.01, 0.01, 0.01, 0.01, 0.01, 0.01, 0.01, 0.01, 
0.01, 0.01, 0.01, 0.01, 0.01, 0.01, 0.01, 0.01, 0.01, 0.01, 0.01, 
0.01, 0.01, 0.01, 0.01, 0.01, 0.01, 0.01, 0.01, 0, 0.8, 0.81, 
0.81, 0.83, 0.84, 0.84, 0.99, 1, 0.93, 0.93, 0.93, 0.93, 0.93, 
0.93, 0.86, 0.86, 0.86, 0.86, 0.86, 0.86, 0.86, 0.01, 0.01, 0.01, 
0.01, 0.01, 0.01, 0.01, 0.01, 0.01, 0.01, 0.01, 0.01, 0.01, 0.01, 
0.01, 0.01, 0.01, 0.01, 0.01, 0.01, 0.01, 0.01, 0.01, 0.01, 0.01, 
0.01, 0.01, 0.01, 0.01, 0.01, 0.01, 0.01, 0.01, 0.01, 0.01, 0.01, 
0.01, 0.01, 0.01, 0.01, 0.01, 0.01, 0.01, 0.01, 0.01, 0.01, 0.01, 
0.01, 0.01, 0.01, 0.01, 0.01, 0.01, 0.01, 0.01, 0.01, 0.01, 0.01, 
0.01, 0.01, 0.01, 0.01, 0.01, 0.01, 0.01, 0.01, 0.01, 0.01, 0.01, 
0.01, 0.01, 0.01, 0.01, 0.01, 0.01, 0.01, 0, 0.8, 0.81, 0.81, 
0.83, 0.84, 0.84, 0.93, 0.93, 1, 0.95, 0.95, 0.95, 0.95, 0.95, 
0.86, 0.86, 0.86, 0.86, 0.86, 0.86, 0.86, 0.01, 0.01, 0.01, 0.01, 
0.01, 0.01, 0.01, 0.01, 0.01, 0.01, 0.01, 0.01, 0.01, 0.01, 0.01, 
0.01, 0.01, 0.01, 0.01, 0.01, 0.01, 0.01, 0.01, 0.01, 0.01, 0.01, 
0.01, 0.01, 0.01, 0.01, 0.01, 0.01, 0.01, 0.01, 0.01, 0.01, 0.01, 
0.01, 0.01, 0.01, 0.01, 0.01, 0.01, 0.01, 0.01, 0.01, 0.01, 0.01, 
0.01, 0.01, 0.01, 0.01, 0.01, 0.01, 0.01, 0.01, 0.01, 0.01, 0.01, 
0.01, 0.01, 0.01, 0.01, 0.01, 0.01, 0.01, 0.01, 0.01, 0.01, 0.01, 
0.01, 0.01, 0.01, 0.01, 0.01, 0.01, 0, 0.8, 0.81, 0.81, 0.83, 
0.84, 0.84, 0.93, 0.93, 0.95, 1, 0.96, 0.96, 0.96, 0.96, 0.86, 
0.86, 0.86, 0.86, 0.86, 0.86, 0.86, 0.01, 0.01, 0.01, 0.01, 0.01, 
0.01, 0.01, 0.01, 0.01, 0.01, 0.01, 0.01, 0.01, 0.01, 0.01, 0.01, 
0.01, 0.01, 0.01, 0.01, 0.01, 0.01, 0.01, 0.01, 0.01, 0.01, 0.01, 
0.01, 0.01, 0.01, 0.01, 0.01, 0.01, 0.01, 0.01, 0.01, 0.01, 0.01, 
0.01, 0.01, 0.01, 0.01, 0.01, 0.01, 0.01, 0.01, 0.01, 0.01, 0.01, 
0.01, 0.01, 0.01, 0.01, 0.01, 0.01, 0.01, 0.01, 0.01, 0.01, 0.01, 
0.01, 0.01, 0.01, 0.01, 0.01, 0.01, 0.01, 0.01, 0.01, 0.01, 0.01, 
0.01, 0.01, 0.01, 0.01, 0.01, 0, 0.8, 0.81, 0.81, 0.83, 0.84, 
0.84, 0.93, 0.93, 0.95, 0.96, 1, 0.97, 0.97, 0.97, 0.86, 0.86, 
0.86, 0.86, 0.86, 0.86, 0.86, 0.01, 0.01, 0.01, 0.01, 0.01, 0.01, 
0.01, 0.01, 0.01, 0.01, 0.01, 0.01, 0.01, 0.01, 0.01, 0.01, 0.01, 
0.01, 0.01, 0.01, 0.01, 0.01, 0.01, 0.01, 0.01, 0.01, 0.01, 0.01, 
0.01, 0.01, 0.01, 0.01, 0.01, 0.01, 0.01, 0.01, 0.01, 0.01, 0.01, 
0.01, 0.01, 0.01, 0.01, 0.01, 0.01, 0.01, 0.01, 0.01, 0.01, 0.01, 
0.01, 0.01, 0.01, 0.01, 0.01, 0.01, 0.01, 0.01, 0.01, 0.01, 0.01, 
0.01, 0.01, 0.01, 0.01, 0.01, 0.01, 0.01, 0.01, 0.01, 0.01, 0.01, 
0.01, 0.01, 0.01, 0.01, 0, 0.8, 0.81, 0.81, 0.83, 0.84, 0.84, 
0.93, 0.93, 0.95, 0.96, 0.97, 1, 0.99, 0.98, 0.86, 0.86, 0.86, 
0.86, 0.86, 0.86, 0.86, 0.01, 0.01, 0.01, 0.01, 0.01, 0.01, 0.01, 
0.01, 0.01, 0.01, 0.01, 0.01, 0.01, 0.01, 0.01, 0.01, 0.01, 0.01, 
0.01, 0.01, 0.01, 0.01, 0.01, 0.01, 0.01, 0.01, 0.01, 0.01, 0.01, 
0.01, 0.01, 0.01, 0.01, 0.01, 0.01, 0.01, 0.01, 0.01, 0.01, 0.01, 
0.01, 0.01, 0.01, 0.01, 0.01, 0.01, 0.01, 0.01, 0.01, 0.01, 0.01, 
0.01, 0.01, 0.01, 0.01, 0.01, 0.01, 0.01, 0.01, 0.01, 0.01, 0.01, 
0.01, 0.01, 0.01, 0.01, 0.01, 0.01, 0.01, 0.01, 0.01, 0.01, 0.01, 
0.01, 0.01, 0.01, 0, 0.8, 0.81, 0.81, 0.83, 0.84, 0.84, 0.93, 
0.93, 0.95, 0.96, 0.97, 0.99, 1, 0.98, 0.86, 0.86, 0.86, 0.86, 
0.86, 0.86, 0.86, 0.01, 0.01, 0.01, 0.01, 0.01, 0.01, 0.01, 0.01, 
0.01, 0.01, 0.01, 0.01, 0.01, 0.01, 0.01, 0.01, 0.01, 0.01, 0.01, 
0.01, 0.01, 0.01, 0.01, 0.01, 0.01, 0.01, 0.01, 0.01, 0.01, 0.01, 
0.01, 0.01, 0.01, 0.01, 0.01, 0.01, 0.01, 0.01, 0.01, 0.01, 0.01, 
0.01, 0.01, 0.01, 0.01, 0.01, 0.01, 0.01, 0.01, 0.01, 0.01, 0.01, 
0.01, 0.01, 0.01, 0.01, 0.01, 0.01, 0.01, 0.01, 0.01, 0.01, 0.01, 
0.01, 0.01, 0.01, 0.01, 0.01, 0.01, 0.01, 0.01, 0.01, 0.01, 0.01, 
0.01, 0.01, 0, 0.8, 0.81, 0.81, 0.83, 0.84, 0.84, 0.93, 0.93, 
0.95, 0.96, 0.97, 0.98, 0.98, 1, 0.86, 0.86, 0.86, 0.86, 0.86, 
0.86, 0.86, 0.01, 0.01, 0.01, 0.01, 0.01, 0.01, 0.01, 0.01, 0.01, 
0.01, 0.01, 0.01, 0.01, 0.01, 0.01, 0.01, 0.01, 0.01, 0.01, 0.01, 
0.01, 0.01, 0.01, 0.01, 0.01, 0.01, 0.01, 0.01, 0.01, 0.01, 0.01, 
0.01, 0.01, 0.01, 0.01, 0.01, 0.01, 0.01, 0.01, 0.01, 0.01, 0.01, 
0.01, 0.01, 0.01, 0.01, 0.01, 0.01, 0.01, 0.01, 0.01, 0.01, 0.01, 
0.01, 0.01, 0.01, 0.01, 0.01, 0.01, 0.01, 0.01, 0.01, 0.01, 0.01, 
0.01, 0.01, 0.01, 0.01, 0.01, 0.01, 0.01, 0.01, 0.01, 0.01, 0.01, 
0.01, 0, 0.8, 0.81, 0.81, 0.83, 0.84, 0.84, 0.86, 0.86, 0.86, 
0.86, 0.86, 0.86, 0.86, 0.86, 1, 0.99, 0.94, 0.94, 0.94, 0.94, 
0.94, 0.01, 0.01, 0.01, 0.01, 0.01, 0.01, 0.01, 0.01, 0.01, 0.01, 
0.01, 0.01, 0.01, 0.01, 0.01, 0.01, 0.01, 0.01, 0.01, 0.01, 0.01, 
0.01, 0.01, 0.01, 0.01, 0.01, 0.01, 0.01, 0.01, 0.01, 0.01, 0.01, 
0.01, 0.01, 0.01, 0.01, 0.01, 0.01, 0.01, 0.01, 0.01, 0.01, 0.01, 
0.01, 0.01, 0.01, 0.01, 0.01, 0.01, 0.01, 0.01, 0.01, 0.01, 0.01, 
0.01, 0.01, 0.01, 0.01, 0.01, 0.01, 0.01, 0.01, 0.01, 0.01, 0.01, 
0.01, 0.01, 0.01, 0.01, 0.01, 0.01, 0.01, 0.01, 0.01, 0.01, 0.01, 
0, 0.8, 0.81, 0.81, 0.83, 0.84, 0.84, 0.86, 0.86, 0.86, 0.86, 
0.86, 0.86, 0.86, 0.86, 0.99, 1, 0.94, 0.94, 0.94, 0.94, 0.94, 
0.01, 0.01, 0.01, 0.01, 0.01, 0.01, 0.01, 0.01, 0.01, 0.01, 0.01, 
0.01, 0.01, 0.01, 0.01, 0.01, 0.01, 0.01, 0.01, 0.01, 0.01, 0.01, 
0.01, 0.01, 0.01, 0.01, 0.01, 0.01, 0.01, 0.01, 0.01, 0.01, 0.01, 
0.01, 0.01, 0.01, 0.01, 0.01, 0.01, 0.01, 0.01, 0.01, 0.01, 0.01, 
0.01, 0.01, 0.01, 0.01, 0.01, 0.01, 0.01, 0.01, 0.01, 0.01, 0.01, 
0.01, 0.01, 0.01, 0.01, 0.01, 0.01, 0.01, 0.01, 0.01, 0.01, 0.01, 
0.01, 0.01, 0.01, 0.01, 0.01, 0.01, 0.01, 0.01, 0.01, 0.01, 0, 
0.8, 0.81, 0.81, 0.83, 0.84, 0.84, 0.86, 0.86, 0.86, 0.86, 0.86, 
0.86, 0.86, 0.86, 0.94, 0.94, 1, 0.96, 0.96, 0.96, 0.96, 0.01, 
0.01, 0.01, 0.01, 0.01, 0.01, 0.01, 0.01, 0.01, 0.01, 0.01, 0.01, 
0.01, 0.01, 0.01, 0.01, 0.01, 0.01, 0.01, 0.01, 0.01, 0.01, 0.01, 
0.01, 0.01, 0.01, 0.01, 0.01, 0.01, 0.01, 0.01, 0.01, 0.01, 0.01, 
0.01, 0.01, 0.01, 0.01, 0.01, 0.01, 0.01, 0.01, 0.01, 0.01, 0.01, 
0.01, 0.01, 0.01, 0.01, 0.01, 0.01, 0.01, 0.01, 0.01, 0.01, 0.01, 
0.01, 0.01, 0.01, 0.01, 0.01, 0.01, 0.01, 0.01, 0.01, 0.01, 0.01, 
0.01, 0.01, 0.01, 0.01, 0.01, 0.01, 0.01, 0.01, 0.01, 0, 0.8, 
0.81, 0.81, 0.83, 0.84, 0.84, 0.86, 0.86, 0.86, 0.86, 0.86, 0.86, 
0.86, 0.86, 0.94, 0.94, 0.96, 1, 0.99, 0.97, 0.97, 0.01, 0.01, 
0.01, 0.01, 0.01, 0.01, 0.01, 0.01, 0.01, 0.01, 0.01, 0.01, 0.01, 
0.01, 0.01, 0.01, 0.01, 0.01, 0.01, 0.01, 0.01, 0.01, 0.01, 0.01, 
0.01, 0.01, 0.01, 0.01, 0.01, 0.01, 0.01, 0.01, 0.01, 0.01, 0.01, 
0.01, 0.01, 0.01, 0.01, 0.01, 0.01, 0.01, 0.01, 0.01, 0.01, 0.01, 
0.01, 0.01, 0.01, 0.01, 0.01, 0.01, 0.01, 0.01, 0.01, 0.01, 0.01, 
0.01, 0.01, 0.01, 0.01, 0.01, 0.01, 0.01, 0.01, 0.01, 0.01, 0.01, 
0.01, 0.01, 0.01, 0.01, 0.01, 0.01, 0.01, 0.01, 0, 0.8, 0.81, 
0.81, 0.83, 0.84, 0.84, 0.86, 0.86, 0.86, 0.86, 0.86, 0.86, 0.86, 
0.86, 0.94, 0.94, 0.96, 0.99, 1, 0.97, 0.97, 0.01, 0.01, 0.01, 
0.01, 0.01, 0.01, 0.01, 0.01, 0.01, 0.01, 0.01, 0.01, 0.01, 0.01, 
0.01, 0.01, 0.01, 0.01, 0.01, 0.01, 0.01, 0.01, 0.01, 0.01, 0.01, 
0.01, 0.01, 0.01, 0.01, 0.01, 0.01, 0.01, 0.01, 0.01, 0.01, 0.01, 
0.01, 0.01, 0.01, 0.01, 0.01, 0.01, 0.01, 0.01, 0.01, 0.01, 0.01, 
0.01, 0.01, 0.01, 0.01, 0.01, 0.01, 0.01, 0.01, 0.01, 0.01, 0.01, 
0.01, 0.01, 0.01, 0.01, 0.01, 0.01, 0.01, 0.01, 0.01, 0.01, 0.01, 
0.01, 0.01, 0.01, 0.01, 0.01, 0.01, 0.01, 0, 0.8, 0.81, 0.81, 
0.83, 0.84, 0.84, 0.86, 0.86, 0.86, 0.86, 0.86, 0.86, 0.86, 0.86, 
0.94, 0.94, 0.96, 0.97, 0.97, 1, 0.99, 0.01, 0.01, 0.01, 0.01, 
0.01, 0.01, 0.01, 0.01, 0.01, 0.01, 0.01, 0.01, 0.01, 0.01, 0.01, 
0.01, 0.01, 0.01, 0.01, 0.01, 0.01, 0.01, 0.01, 0.01, 0.01, 0.01, 
0.01, 0.01, 0.01, 0.01, 0.01, 0.01, 0.01, 0.01, 0.01, 0.01, 0.01, 
0.01, 0.01, 0.01, 0.01, 0.01, 0.01, 0.01, 0.01, 0.01, 0.01, 0.01, 
0.01, 0.01, 0.01, 0.01, 0.01, 0.01, 0.01, 0.01, 0.01, 0.01, 0.01, 
0.01, 0.01, 0.01, 0.01, 0.01, 0.01, 0.01, 0.01, 0.01, 0.01, 0.01, 
0.01, 0.01, 0.01, 0.01, 0.01, 0.01, 0, 0.8, 0.81, 0.81, 0.83, 
0.84, 0.84, 0.86, 0.86, 0.86, 0.86, 0.86, 0.86, 0.86, 0.86, 0.94, 
0.94, 0.96, 0.97, 0.97, 0.99, 1, 0.01, 0.01, 0.01, 0.01, 0.01, 
0.01, 0.01, 0.01, 0.01, 0.01, 0.01, 0.01, 0.01, 0.01, 0.01, 0.01, 
0.01, 0.01, 0.01, 0.01, 0.01, 0.01, 0.01, 0.01, 0.01, 0.01, 0.01, 
0.01, 0.01, 0.01, 0.01, 0.01, 0.01, 0.01, 0.01, 0.01, 0.01, 0.01, 
0.01, 0.01, 0.01, 0.01, 0.01, 0.01, 0.01, 0.01, 0.01, 0.01, 0.01, 
0.01, 0.01, 0.01, 0.01, 0.01, 0.01, 0.01, 0.01, 0.01, 0.01, 0.01, 
0.01, 0.01, 0.01, 0.01, 0.01, 0.01, 0.01, 0.01, 0.01, 0.01, 0.01, 
0.01, 0.01, 0.01, 0.01, 0.01, 0, 0.01, 0.01, 0.01, 0.01, 0.01, 
0.01, 0.01, 0.01, 0.01, 0.01, 0.01, 0.01, 0.01, 0.01, 0.01, 0.01, 
0.01, 0.01, 0.01, 0.01, 0.01, 1, 0.98, 0.98, 0.91, 0.91, 0.91, 
0.91, 0.91, 0.91, 0.91, 0.75, 0.75, 0.75, 0.75, 0.75, 0.75, 0.75, 
0.75, 0.75, 0.75, 0.75, 0.75, 0.75, 0.75, 0.75, 0.22, 0.22, 0.22, 
0.22, 0.22, 0.22, 0.22, 0.22, 0.22, 0.22, 0.22, 0.22, 0.22, 0.22, 
0.22, 0.22, 0.22, 0.22, 0.22, 0.22, 0.22, 0.22, 0.22, 0.22, 0.22, 
0.22, 0.22, 0.22, 0.22, 0.22, 0.22, 0.22, 0.22, 0.22, 0.22, 0.22, 
0.22, 0.22, 0.22, 0.22, 0.22, 0.22, 0.22, 0.22, 0.22, 0.22, 0.22, 
0.22, 0.22, 0.22, 0.22, 0, 0.01, 0.01, 0.01, 0.01, 0.01, 0.01, 
0.01, 0.01, 0.01, 0.01, 0.01, 0.01, 0.01, 0.01, 0.01, 0.01, 0.01, 
0.01, 0.01, 0.01, 0.01, 0.98, 1, 0.99, 0.91, 0.91, 0.91, 0.91, 
0.91, 0.91, 0.91, 0.75, 0.75, 0.75, 0.75, 0.75, 0.75, 0.75, 0.75, 
0.75, 0.75, 0.75, 0.75, 0.75, 0.75, 0.75, 0.22, 0.22, 0.22, 0.22, 
0.22, 0.22, 0.22, 0.22, 0.22, 0.22, 0.22, 0.22, 0.22, 0.22, 0.22, 
0.22, 0.22, 0.22, 0.22, 0.22, 0.22, 0.22, 0.22, 0.22, 0.22, 0.22, 
0.22, 0.22, 0.22, 0.22, 0.22, 0.22, 0.22, 0.22, 0.22, 0.22, 0.22, 
0.22, 0.22, 0.22, 0.22, 0.22, 0.22, 0.22, 0.22, 0.22, 0.22, 0.22, 
0.22, 0.22, 0.22, 0, 0.01, 0.01, 0.01, 0.01, 0.01, 0.01, 0.01, 
0.01, 0.01, 0.01, 0.01, 0.01, 0.01, 0.01, 0.01, 0.01, 0.01, 0.01, 
0.01, 0.01, 0.01, 0.98, 0.99, 1, 0.91, 0.91, 0.91, 0.91, 0.91, 
0.91, 0.91, 0.75, 0.75, 0.75, 0.75, 0.75, 0.75, 0.75, 0.75, 0.75, 
0.75, 0.75, 0.75, 0.75, 0.75, 0.75, 0.22, 0.22, 0.22, 0.22, 0.22, 
0.22, 0.22, 0.22, 0.22, 0.22, 0.22, 0.22, 0.22, 0.22, 0.22, 0.22, 
0.22, 0.22, 0.22, 0.22, 0.22, 0.22, 0.22, 0.22, 0.22, 0.22, 0.22, 
0.22, 0.22, 0.22, 0.22, 0.22, 0.22, 0.22, 0.22, 0.22, 0.22, 0.22, 
0.22, 0.22, 0.22, 0.22, 0.22, 0.22, 0.22, 0.22, 0.22, 0.22, 0.22, 
0.22, 0.22, 0, 0.01, 0.01, 0.01, 0.01, 0.01, 0.01, 0.01, 0.01, 
0.01, 0.01, 0.01, 0.01, 0.01, 0.01, 0.01, 0.01, 0.01, 0.01, 0.01, 
0.01, 0.01, 0.91, 0.91, 0.91, 1, 0.98, 0.98, 0.94, 0.94, 0.94, 
0.94, 0.75, 0.75, 0.75, 0.75, 0.75, 0.75, 0.75, 0.75, 0.75, 0.75, 
0.75, 0.75, 0.75, 0.75, 0.75, 0.22, 0.22, 0.22, 0.22, 0.22, 0.22, 
0.22, 0.22, 0.22, 0.22, 0.22, 0.22, 0.22, 0.22, 0.22, 0.22, 0.22, 
0.22, 0.22, 0.22, 0.22, 0.22, 0.22, 0.22, 0.22, 0.22, 0.22, 0.22, 
0.22, 0.22, 0.22, 0.22, 0.22, 0.22, 0.22, 0.22, 0.22, 0.22, 0.22, 
0.22, 0.22, 0.22, 0.22, 0.22, 0.22, 0.22, 0.22, 0.22, 0.22, 0.22, 
0.22, 0, 0.01, 0.01, 0.01, 0.01, 0.01, 0.01, 0.01, 0.01, 0.01, 
0.01, 0.01, 0.01, 0.01, 0.01, 0.01, 0.01, 0.01, 0.01, 0.01, 0.01, 
0.01, 0.91, 0.91, 0.91, 0.98, 1, 0.99, 0.94, 0.94, 0.94, 0.94, 
0.75, 0.75, 0.75, 0.75, 0.75, 0.75, 0.75, 0.75, 0.75, 0.75, 0.75, 
0.75, 0.75, 0.75, 0.75, 0.22, 0.22, 0.22, 0.22, 0.22, 0.22, 0.22, 
0.22, 0.22, 0.22, 0.22, 0.22, 0.22, 0.22, 0.22, 0.22, 0.22, 0.22, 
0.22, 0.22, 0.22, 0.22, 0.22, 0.22, 0.22, 0.22, 0.22, 0.22, 0.22, 
0.22, 0.22, 0.22, 0.22, 0.22, 0.22, 0.22, 0.22, 0.22, 0.22, 0.22, 
0.22, 0.22, 0.22, 0.22, 0.22, 0.22, 0.22, 0.22, 0.22, 0.22, 0.22, 
0, 0.01, 0.01, 0.01, 0.01, 0.01, 0.01, 0.01, 0.01, 0.01, 0.01, 
0.01, 0.01, 0.01, 0.01, 0.01, 0.01, 0.01, 0.01, 0.01, 0.01, 0.01, 
0.91, 0.91, 0.91, 0.98, 0.99, 1, 0.94, 0.94, 0.94, 0.94, 0.75, 
0.75, 0.75, 0.75, 0.75, 0.75, 0.75, 0.75, 0.75, 0.75, 0.75, 0.75, 
0.75, 0.75, 0.75, 0.22, 0.22, 0.22, 0.22, 0.22, 0.22, 0.22, 0.22, 
0.22, 0.22, 0.22, 0.22, 0.22, 0.22, 0.22, 0.22, 0.22, 0.22, 0.22, 
0.22, 0.22, 0.22, 0.22, 0.22, 0.22, 0.22, 0.22, 0.22, 0.22, 0.22, 
0.22, 0.22, 0.22, 0.22, 0.22, 0.22, 0.22, 0.22, 0.22, 0.22, 0.22, 
0.22, 0.22, 0.22, 0.22, 0.22, 0.22, 0.22, 0.22, 0.22, 0.22, 0, 
0.01, 0.01, 0.01, 0.01, 0.01, 0.01, 0.01, 0.01, 0.01, 0.01, 0.01, 
0.01, 0.01, 0.01, 0.01, 0.01, 0.01, 0.01, 0.01, 0.01, 0.01, 0.91, 
0.91, 0.91, 0.94, 0.94, 0.94, 1, 0.98, 0.98, 0.97, 0.75, 0.75, 
0.75, 0.75, 0.75, 0.75, 0.75, 0.75, 0.75, 0.75, 0.75, 0.75, 0.75, 
0.75, 0.75, 0.22, 0.22, 0.22, 0.22, 0.22, 0.22, 0.22, 0.22, 0.22, 
0.22, 0.22, 0.22, 0.22, 0.22, 0.22, 0.22, 0.22, 0.22, 0.22, 0.22, 
0.22, 0.22, 0.22, 0.22, 0.22, 0.22, 0.22, 0.22, 0.22, 0.22, 0.22, 
0.22, 0.22, 0.22, 0.22, 0.22, 0.22, 0.22, 0.22, 0.22, 0.22, 0.22, 
0.22, 0.22, 0.22, 0.22, 0.22, 0.22, 0.22, 0.22, 0.22, 0, 0.01, 
0.01, 0.01, 0.01, 0.01, 0.01, 0.01, 0.01, 0.01, 0.01, 0.01, 0.01, 
0.01, 0.01, 0.01, 0.01, 0.01, 0.01, 0.01, 0.01, 0.01, 0.91, 0.91, 
0.91, 0.94, 0.94, 0.94, 0.98, 1, 0.98, 0.97, 0.75, 0.75, 0.75, 
0.75, 0.75, 0.75, 0.75, 0.75, 0.75, 0.75, 0.75, 0.75, 0.75, 0.75, 
0.75, 0.22, 0.22, 0.22, 0.22, 0.22, 0.22, 0.22, 0.22, 0.22, 0.22, 
0.22, 0.22, 0.22, 0.22, 0.22, 0.22, 0.22, 0.22, 0.22, 0.22, 0.22, 
0.22, 0.22, 0.22, 0.22, 0.22, 0.22, 0.22, 0.22, 0.22, 0.22, 0.22, 
0.22, 0.22, 0.22, 0.22, 0.22, 0.22, 0.22, 0.22, 0.22, 0.22, 0.22, 
0.22, 0.22, 0.22, 0.22, 0.22, 0.22, 0.22, 0.22, 0, 0.01, 0.01, 
0.01, 0.01, 0.01, 0.01, 0.01, 0.01, 0.01, 0.01, 0.01, 0.01, 0.01, 
0.01, 0.01, 0.01, 0.01, 0.01, 0.01, 0.01, 0.01, 0.91, 0.91, 0.91, 
0.94, 0.94, 0.94, 0.98, 0.98, 1, 0.97, 0.75, 0.75, 0.75, 0.75, 
0.75, 0.75, 0.75, 0.75, 0.75, 0.75, 0.75, 0.75, 0.75, 0.75, 0.75, 
0.22, 0.22, 0.22, 0.22, 0.22, 0.22, 0.22, 0.22, 0.22, 0.22, 0.22, 
0.22, 0.22, 0.22, 0.22, 0.22, 0.22, 0.22, 0.22, 0.22, 0.22, 0.22, 
0.22, 0.22, 0.22, 0.22, 0.22, 0.22, 0.22, 0.22, 0.22, 0.22, 0.22, 
0.22, 0.22, 0.22, 0.22, 0.22, 0.22, 0.22, 0.22, 0.22, 0.22, 0.22, 
0.22, 0.22, 0.22, 0.22, 0.22, 0.22, 0.22, 0, 0.01, 0.01, 0.01, 
0.01, 0.01, 0.01, 0.01, 0.01, 0.01, 0.01, 0.01, 0.01, 0.01, 0.01, 
0.01, 0.01, 0.01, 0.01, 0.01, 0.01, 0.01, 0.91, 0.91, 0.91, 0.94, 
0.94, 0.94, 0.97, 0.97, 0.97, 1, 0.75, 0.75, 0.75, 0.75, 0.75, 
0.75, 0.75, 0.75, 0.75, 0.75, 0.75, 0.75, 0.75, 0.75, 0.75, 0.22, 
0.22, 0.22, 0.22, 0.22, 0.22, 0.22, 0.22, 0.22, 0.22, 0.22, 0.22, 
0.22, 0.22, 0.22, 0.22, 0.22, 0.22, 0.22, 0.22, 0.22, 0.22, 0.22, 
0.22, 0.22, 0.22, 0.22, 0.22, 0.22, 0.22, 0.22, 0.22, 0.22, 0.22, 
0.22, 0.22, 0.22, 0.22, 0.22, 0.22, 0.22, 0.22, 0.22, 0.22, 0.22, 
0.22, 0.22, 0.22, 0.22, 0.22, 0.22, 0, 0.01, 0.01, 0.01, 0.01, 
0.01, 0.01, 0.01, 0.01, 0.01, 0.01, 0.01, 0.01, 0.01, 0.01, 0.01, 
0.01, 0.01, 0.01, 0.01, 0.01, 0.01, 0.75, 0.75, 0.75, 0.75, 0.75, 
0.75, 0.75, 0.75, 0.75, 0.75, 1, 0.99, 0.85, 0.85, 0.85, 0.85, 
0.85, 0.85, 0.85, 0.85, 0.85, 0.85, 0.85, 0.85, 0.85, 0.22, 0.22, 
0.22, 0.22, 0.22, 0.22, 0.22, 0.22, 0.22, 0.22, 0.22, 0.22, 0.22, 
0.22, 0.22, 0.22, 0.22, 0.22, 0.22, 0.22, 0.22, 0.22, 0.22, 0.22, 
0.22, 0.22, 0.22, 0.22, 0.22, 0.22, 0.22, 0.22, 0.22, 0.22, 0.22, 
0.22, 0.22, 0.22, 0.22, 0.22, 0.22, 0.22, 0.22, 0.22, 0.22, 0.22, 
0.22, 0.22, 0.22, 0.22, 0.22, 0, 0.01, 0.01, 0.01, 0.01, 0.01, 
0.01, 0.01, 0.01, 0.01, 0.01, 0.01, 0.01, 0.01, 0.01, 0.01, 0.01, 
0.01, 0.01, 0.01, 0.01, 0.01, 0.75, 0.75, 0.75, 0.75, 0.75, 0.75, 
0.75, 0.75, 0.75, 0.75, 0.99, 1, 0.85, 0.85, 0.85, 0.85, 0.85, 
0.85, 0.85, 0.85, 0.85, 0.85, 0.85, 0.85, 0.85, 0.22, 0.22, 0.22, 
0.22, 0.22, 0.22, 0.22, 0.22, 0.22, 0.22, 0.22, 0.22, 0.22, 0.22, 
0.22, 0.22, 0.22, 0.22, 0.22, 0.22, 0.22, 0.22, 0.22, 0.22, 0.22, 
0.22, 0.22, 0.22, 0.22, 0.22, 0.22, 0.22, 0.22, 0.22, 0.22, 0.22, 
0.22, 0.22, 0.22, 0.22, 0.22, 0.22, 0.22, 0.22, 0.22, 0.22, 0.22, 
0.22, 0.22, 0.22, 0.22, 0, 0.01, 0.01, 0.01, 0.01, 0.01, 0.01, 
0.01, 0.01, 0.01, 0.01, 0.01, 0.01, 0.01, 0.01, 0.01, 0.01, 0.01, 
0.01, 0.01, 0.01, 0.01, 0.75, 0.75, 0.75, 0.75, 0.75, 0.75, 0.75, 
0.75, 0.75, 0.75, 0.85, 0.85, 1, 0.93, 0.93, 0.93, 0.93, 0.93, 
0.93, 0.93, 0.87, 0.87, 0.87, 0.87, 0.87, 0.22, 0.22, 0.22, 0.22, 
0.22, 0.22, 0.22, 0.22, 0.22, 0.22, 0.22, 0.22, 0.22, 0.22, 0.22, 
0.22, 0.22, 0.22, 0.22, 0.22, 0.22, 0.22, 0.22, 0.22, 0.22, 0.22, 
0.22, 0.22, 0.22, 0.22, 0.22, 0.22, 0.22, 0.22, 0.22, 0.22, 0.22, 
0.22, 0.22, 0.22, 0.22, 0.22, 0.22, 0.22, 0.22, 0.22, 0.22, 0.22, 
0.22, 0.22, 0.22, 0, 0.01, 0.01, 0.01, 0.01, 0.01, 0.01, 0.01, 
0.01, 0.01, 0.01, 0.01, 0.01, 0.01, 0.01, 0.01, 0.01, 0.01, 0.01, 
0.01, 0.01, 0.01, 0.75, 0.75, 0.75, 0.75, 0.75, 0.75, 0.75, 0.75, 
0.75, 0.75, 0.85, 0.85, 0.93, 1, 0.94, 0.94, 0.94, 0.94, 0.94, 
0.94, 0.87, 0.87, 0.87, 0.87, 0.87, 0.22, 0.22, 0.22, 0.22, 0.22, 
0.22, 0.22, 0.22, 0.22, 0.22, 0.22, 0.22, 0.22, 0.22, 0.22, 0.22, 
0.22, 0.22, 0.22, 0.22, 0.22, 0.22, 0.22, 0.22, 0.22, 0.22, 0.22, 
0.22, 0.22, 0.22, 0.22, 0.22, 0.22, 0.22, 0.22, 0.22, 0.22, 0.22, 
0.22, 0.22, 0.22, 0.22, 0.22, 0.22, 0.22, 0.22, 0.22, 0.22, 0.22, 
0.22, 0.22, 0, 0.01, 0.01, 0.01, 0.01, 0.01, 0.01, 0.01, 0.01, 
0.01, 0.01, 0.01, 0.01, 0.01, 0.01, 0.01, 0.01, 0.01, 0.01, 0.01, 
0.01, 0.01, 0.75, 0.75, 0.75, 0.75, 0.75, 0.75, 0.75, 0.75, 0.75, 
0.75, 0.85, 0.85, 0.93, 0.94, 1, 0.95, 0.95, 0.95, 0.95, 0.95, 
0.87, 0.87, 0.87, 0.87, 0.87, 0.22, 0.22, 0.22, 0.22, 0.22, 0.22, 
0.22, 0.22, 0.22, 0.22, 0.22, 0.22, 0.22, 0.22, 0.22, 0.22, 0.22, 
0.22, 0.22, 0.22, 0.22, 0.22, 0.22, 0.22, 0.22, 0.22, 0.22, 0.22, 
0.22, 0.22, 0.22, 0.22, 0.22, 0.22, 0.22, 0.22, 0.22, 0.22, 0.22, 
0.22, 0.22, 0.22, 0.22, 0.22, 0.22, 0.22, 0.22, 0.22, 0.22, 0.22, 
0.22, 0, 0.01, 0.01, 0.01, 0.01, 0.01, 0.01, 0.01, 0.01, 0.01, 
0.01, 0.01, 0.01, 0.01, 0.01, 0.01, 0.01, 0.01, 0.01, 0.01, 0.01, 
0.01, 0.75, 0.75, 0.75, 0.75, 0.75, 0.75, 0.75, 0.75, 0.75, 0.75, 
0.85, 0.85, 0.93, 0.94, 0.95, 1, 0.98, 0.98, 0.96, 0.96, 0.87, 
0.87, 0.87, 0.87, 0.87, 0.22, 0.22, 0.22, 0.22, 0.22, 0.22, 0.22, 
0.22, 0.22, 0.22, 0.22, 0.22, 0.22, 0.22, 0.22, 0.22, 0.22, 0.22, 
0.22, 0.22, 0.22, 0.22, 0.22, 0.22, 0.22, 0.22, 0.22, 0.22, 0.22, 
0.22, 0.22, 0.22, 0.22, 0.22, 0.22, 0.22, 0.22, 0.22, 0.22, 0.22, 
0.22, 0.22, 0.22, 0.22, 0.22, 0.22, 0.22, 0.22, 0.22, 0.22, 0.22, 
0, 0.01, 0.01, 0.01, 0.01, 0.01, 0.01, 0.01, 0.01, 0.01, 0.01, 
0.01, 0.01, 0.01, 0.01, 0.01, 0.01, 0.01, 0.01, 0.01, 0.01, 0.01, 
0.75, 0.75, 0.75, 0.75, 0.75, 0.75, 0.75, 0.75, 0.75, 0.75, 0.85, 
0.85, 0.93, 0.94, 0.95, 0.98, 1, 0.99, 0.96, 0.96, 0.87, 0.87, 
0.87, 0.87, 0.87, 0.22, 0.22, 0.22, 0.22, 0.22, 0.22, 0.22, 0.22, 
0.22, 0.22, 0.22, 0.22, 0.22, 0.22, 0.22, 0.22, 0.22, 0.22, 0.22, 
0.22, 0.22, 0.22, 0.22, 0.22, 0.22, 0.22, 0.22, 0.22, 0.22, 0.22, 
0.22, 0.22, 0.22, 0.22, 0.22, 0.22, 0.22, 0.22, 0.22, 0.22, 0.22, 
0.22, 0.22, 0.22, 0.22, 0.22, 0.22, 0.22, 0.22, 0.22, 0.22, 0, 
0.01, 0.01, 0.01, 0.01, 0.01, 0.01, 0.01, 0.01, 0.01, 0.01, 0.01, 
0.01, 0.01, 0.01, 0.01, 0.01, 0.01, 0.01, 0.01, 0.01, 0.01, 0.75, 
0.75, 0.75, 0.75, 0.75, 0.75, 0.75, 0.75, 0.75, 0.75, 0.85, 0.85, 
0.93, 0.94, 0.95, 0.98, 0.99, 1, 0.96, 0.96, 0.87, 0.87, 0.87, 
0.87, 0.87, 0.22, 0.22, 0.22, 0.22, 0.22, 0.22, 0.22, 0.22, 0.22, 
0.22, 0.22, 0.22, 0.22, 0.22, 0.22, 0.22, 0.22, 0.22, 0.22, 0.22, 
0.22, 0.22, 0.22, 0.22, 0.22, 0.22, 0.22, 0.22, 0.22, 0.22, 0.22, 
0.22, 0.22, 0.22, 0.22, 0.22, 0.22, 0.22, 0.22, 0.22, 0.22, 0.22, 
0.22, 0.22, 0.22, 0.22, 0.22, 0.22, 0.22, 0.22, 0.22, 0, 0.01, 
0.01, 0.01, 0.01, 0.01, 0.01, 0.01, 0.01, 0.01, 0.01, 0.01, 0.01, 
0.01, 0.01, 0.01, 0.01, 0.01, 0.01, 0.01, 0.01, 0.01, 0.75, 0.75, 
0.75, 0.75, 0.75, 0.75, 0.75, 0.75, 0.75, 0.75, 0.85, 0.85, 0.93, 
0.94, 0.95, 0.96, 0.96, 0.96, 1, 0.99, 0.87, 0.87, 0.87, 0.87, 
0.87, 0.22, 0.22, 0.22, 0.22, 0.22, 0.22, 0.22, 0.22, 0.22, 0.22, 
0.22, 0.22, 0.22, 0.22, 0.22, 0.22, 0.22, 0.22, 0.22, 0.22, 0.22, 
0.22, 0.22, 0.22, 0.22, 0.22, 0.22, 0.22, 0.22, 0.22, 0.22, 0.22, 
0.22, 0.22, 0.22, 0.22, 0.22, 0.22, 0.22, 0.22, 0.22, 0.22, 0.22, 
0.22, 0.22, 0.22, 0.22, 0.22, 0.22, 0.22, 0.22, 0, 0.01, 0.01, 
0.01, 0.01, 0.01, 0.01, 0.01, 0.01, 0.01, 0.01, 0.01, 0.01, 0.01, 
0.01, 0.01, 0.01, 0.01, 0.01, 0.01, 0.01, 0.01, 0.75, 0.75, 0.75, 
0.75, 0.75, 0.75, 0.75, 0.75, 0.75, 0.75, 0.85, 0.85, 0.93, 0.94, 
0.95, 0.96, 0.96, 0.96, 0.99, 1, 0.87, 0.87, 0.87, 0.87, 0.87, 
0.22, 0.22, 0.22, 0.22, 0.22, 0.22, 0.22, 0.22, 0.22, 0.22, 0.22, 
0.22, 0.22, 0.22, 0.22, 0.22, 0.22, 0.22, 0.22, 0.22, 0.22, 0.22, 
0.22, 0.22, 0.22, 0.22, 0.22, 0.22, 0.22, 0.22, 0.22, 0.22, 0.22, 
0.22, 0.22, 0.22, 0.22, 0.22, 0.22, 0.22, 0.22, 0.22, 0.22, 0.22, 
0.22, 0.22, 0.22, 0.22, 0.22, 0.22, 0.22, 0, 0.01, 0.01, 0.01, 
0.01, 0.01, 0.01, 0.01, 0.01, 0.01, 0.01, 0.01, 0.01, 0.01, 0.01, 
0.01, 0.01, 0.01, 0.01, 0.01, 0.01, 0.01, 0.75, 0.75, 0.75, 0.75, 
0.75, 0.75, 0.75, 0.75, 0.75, 0.75, 0.85, 0.85, 0.87, 0.87, 0.87, 
0.87, 0.87, 0.87, 0.87, 0.87, 1, 0.99, 0.95, 0.95, 0.95, 0.22, 
0.22, 0.22, 0.22, 0.22, 0.22, 0.22, 0.22, 0.22, 0.22, 0.22, 0.22, 
0.22, 0.22, 0.22, 0.22, 0.22, 0.22, 0.22, 0.22, 0.22, 0.22, 0.22, 
0.22, 0.22, 0.22, 0.22, 0.22, 0.22, 0.22, 0.22, 0.22, 0.22, 0.22, 
0.22, 0.22, 0.22, 0.22, 0.22, 0.22, 0.22, 0.22, 0.22, 0.22, 0.22, 
0.22, 0.22, 0.22, 0.22, 0.22, 0.22, 0, 0.01, 0.01, 0.01, 0.01, 
0.01, 0.01, 0.01, 0.01, 0.01, 0.01, 0.01, 0.01, 0.01, 0.01, 0.01, 
0.01, 0.01, 0.01, 0.01, 0.01, 0.01, 0.75, 0.75, 0.75, 0.75, 0.75, 
0.75, 0.75, 0.75, 0.75, 0.75, 0.85, 0.85, 0.87, 0.87, 0.87, 0.87, 
0.87, 0.87, 0.87, 0.87, 0.99, 1, 0.95, 0.95, 0.95, 0.22, 0.22, 
0.22, 0.22, 0.22, 0.22, 0.22, 0.22, 0.22, 0.22, 0.22, 0.22, 0.22, 
0.22, 0.22, 0.22, 0.22, 0.22, 0.22, 0.22, 0.22, 0.22, 0.22, 0.22, 
0.22, 0.22, 0.22, 0.22, 0.22, 0.22, 0.22, 0.22, 0.22, 0.22, 0.22, 
0.22, 0.22, 0.22, 0.22, 0.22, 0.22, 0.22, 0.22, 0.22, 0.22, 0.22, 
0.22, 0.22, 0.22, 0.22, 0.22, 0, 0.01, 0.01, 0.01, 0.01, 0.01, 
0.01, 0.01, 0.01, 0.01, 0.01, 0.01, 0.01, 0.01, 0.01, 0.01, 0.01, 
0.01, 0.01, 0.01, 0.01, 0.01, 0.75, 0.75, 0.75, 0.75, 0.75, 0.75, 
0.75, 0.75, 0.75, 0.75, 0.85, 0.85, 0.87, 0.87, 0.87, 0.87, 0.87, 
0.87, 0.87, 0.87, 0.95, 0.95, 1, 0.97, 0.97, 0.22, 0.22, 0.22, 
0.22, 0.22, 0.22, 0.22, 0.22, 0.22, 0.22, 0.22, 0.22, 0.22, 0.22, 
0.22, 0.22, 0.22, 0.22, 0.22, 0.22, 0.22, 0.22, 0.22, 0.22, 0.22, 
0.22, 0.22, 0.22, 0.22, 0.22, 0.22, 0.22, 0.22, 0.22, 0.22, 0.22, 
0.22, 0.22, 0.22, 0.22, 0.22, 0.22, 0.22, 0.22, 0.22, 0.22, 0.22, 
0.22, 0.22, 0.22, 0.22, 0, 0.01, 0.01, 0.01, 0.01, 0.01, 0.01, 
0.01, 0.01, 0.01, 0.01, 0.01, 0.01, 0.01, 0.01, 0.01, 0.01, 0.01, 
0.01, 0.01, 0.01, 0.01, 0.75, 0.75, 0.75, 0.75, 0.75, 0.75, 0.75, 
0.75, 0.75, 0.75, 0.85, 0.85, 0.87, 0.87, 0.87, 0.87, 0.87, 0.87, 
0.87, 0.87, 0.95, 0.95, 0.97, 1, 0.99, 0.22, 0.22, 0.22, 0.22, 
0.22, 0.22, 0.22, 0.22, 0.22, 0.22, 0.22, 0.22, 0.22, 0.22, 0.22, 
0.22, 0.22, 0.22, 0.22, 0.22, 0.22, 0.22, 0.22, 0.22, 0.22, 0.22, 
0.22, 0.22, 0.22, 0.22, 0.22, 0.22, 0.22, 0.22, 0.22, 0.22, 0.22, 
0.22, 0.22, 0.22, 0.22, 0.22, 0.22, 0.22, 0.22, 0.22, 0.22, 0.22, 
0.22, 0.22, 0.22, 0, 0.01, 0.01, 0.01, 0.01, 0.01, 0.01, 0.01, 
0.01, 0.01, 0.01, 0.01, 0.01, 0.01, 0.01, 0.01, 0.01, 0.01, 0.01, 
0.01, 0.01, 0.01, 0.75, 0.75, 0.75, 0.75, 0.75, 0.75, 0.75, 0.75, 
0.75, 0.75, 0.85, 0.85, 0.87, 0.87, 0.87, 0.87, 0.87, 0.87, 0.87, 
0.87, 0.95, 0.95, 0.97, 0.99, 1, 0.22, 0.22, 0.22, 0.22, 0.22, 
0.22, 0.22, 0.22, 0.22, 0.22, 0.22, 0.22, 0.22, 0.22, 0.22, 0.22, 
0.22, 0.22, 0.22, 0.22, 0.22, 0.22, 0.22, 0.22, 0.22, 0.22, 0.22, 
0.22, 0.22, 0.22, 0.22, 0.22, 0.22, 0.22, 0.22, 0.22, 0.22, 0.22, 
0.22, 0.22, 0.22, 0.22, 0.22, 0.22, 0.22, 0.22, 0.22, 0.22, 0.22, 
0.22, 0.22, 0, 0.01, 0.01, 0.01, 0.01, 0.01, 0.01, 0.01, 0.01, 
0.01, 0.01, 0.01, 0.01, 0.01, 0.01, 0.01, 0.01, 0.01, 0.01, 0.01, 
0.01, 0.01, 0.22, 0.22, 0.22, 0.22, 0.22, 0.22, 0.22, 0.22, 0.22, 
0.22, 0.22, 0.22, 0.22, 0.22, 0.22, 0.22, 0.22, 0.22, 0.22, 0.22, 
0.22, 0.22, 0.22, 0.22, 0.22, 1, 0.99, 0.86, 0.86, 0.86, 0.86, 
0.86, 0.86, 0.86, 0.86, 0.86, 0.86, 0.86, 0.86, 0.86, 0.48, 0.48, 
0.48, 0.48, 0.48, 0.48, 0.48, 0.48, 0.48, 0.48, 0.48, 0.48, 0.48, 
0.48, 0.48, 0.48, 0.48, 0.48, 0.48, 0.48, 0.48, 0.48, 0.48, 0.48, 
0.48, 0.48, 0.48, 0.48, 0.48, 0.48, 0.48, 0.48, 0.48, 0.48, 0.48, 
0.48, 0, 0.01, 0.01, 0.01, 0.01, 0.01, 0.01, 0.01, 0.01, 0.01, 
0.01, 0.01, 0.01, 0.01, 0.01, 0.01, 0.01, 0.01, 0.01, 0.01, 0.01, 
0.01, 0.22, 0.22, 0.22, 0.22, 0.22, 0.22, 0.22, 0.22, 0.22, 0.22, 
0.22, 0.22, 0.22, 0.22, 0.22, 0.22, 0.22, 0.22, 0.22, 0.22, 0.22, 
0.22, 0.22, 0.22, 0.22, 0.99, 1, 0.86, 0.86, 0.86, 0.86, 0.86, 
0.86, 0.86, 0.86, 0.86, 0.86, 0.86, 0.86, 0.86, 0.48, 0.48, 0.48, 
0.48, 0.48, 0.48, 0.48, 0.48, 0.48, 0.48, 0.48, 0.48, 0.48, 0.48, 
0.48, 0.48, 0.48, 0.48, 0.48, 0.48, 0.48, 0.48, 0.48, 0.48, 0.48, 
0.48, 0.48, 0.48, 0.48, 0.48, 0.48, 0.48, 0.48, 0.48, 0.48, 0.48, 
0, 0.01, 0.01, 0.01, 0.01, 0.01, 0.01, 0.01, 0.01, 0.01, 0.01, 
0.01, 0.01, 0.01, 0.01, 0.01, 0.01, 0.01, 0.01, 0.01, 0.01, 0.01, 
0.22, 0.22, 0.22, 0.22, 0.22, 0.22, 0.22, 0.22, 0.22, 0.22, 0.22, 
0.22, 0.22, 0.22, 0.22, 0.22, 0.22, 0.22, 0.22, 0.22, 0.22, 0.22, 
0.22, 0.22, 0.22, 0.86, 0.86, 1, 0.98, 0.98, 0.96, 0.96, 0.94, 
0.94, 0.88, 0.88, 0.88, 0.88, 0.88, 0.88, 0.48, 0.48, 0.48, 0.48, 
0.48, 0.48, 0.48, 0.48, 0.48, 0.48, 0.48, 0.48, 0.48, 0.48, 0.48, 
0.48, 0.48, 0.48, 0.48, 0.48, 0.48, 0.48, 0.48, 0.48, 0.48, 0.48, 
0.48, 0.48, 0.48, 0.48, 0.48, 0.48, 0.48, 0.48, 0.48, 0.48, 0, 
0.01, 0.01, 0.01, 0.01, 0.01, 0.01, 0.01, 0.01, 0.01, 0.01, 0.01, 
0.01, 0.01, 0.01, 0.01, 0.01, 0.01, 0.01, 0.01, 0.01, 0.01, 0.22, 
0.22, 0.22, 0.22, 0.22, 0.22, 0.22, 0.22, 0.22, 0.22, 0.22, 0.22, 
0.22, 0.22, 0.22, 0.22, 0.22, 0.22, 0.22, 0.22, 0.22, 0.22, 0.22, 
0.22, 0.22, 0.86, 0.86, 0.98, 1, 0.99, 0.96, 0.96, 0.94, 0.94, 
0.88, 0.88, 0.88, 0.88, 0.88, 0.88, 0.48, 0.48, 0.48, 0.48, 0.48, 
0.48, 0.48, 0.48, 0.48, 0.48, 0.48, 0.48, 0.48, 0.48, 0.48, 0.48, 
0.48, 0.48, 0.48, 0.48, 0.48, 0.48, 0.48, 0.48, 0.48, 0.48, 0.48, 
0.48, 0.48, 0.48, 0.48, 0.48, 0.48, 0.48, 0.48, 0.48, 0, 0.01, 
0.01, 0.01, 0.01, 0.01, 0.01, 0.01, 0.01, 0.01, 0.01, 0.01, 0.01, 
0.01, 0.01, 0.01, 0.01, 0.01, 0.01, 0.01, 0.01, 0.01, 0.22, 0.22, 
0.22, 0.22, 0.22, 0.22, 0.22, 0.22, 0.22, 0.22, 0.22, 0.22, 0.22, 
0.22, 0.22, 0.22, 0.22, 0.22, 0.22, 0.22, 0.22, 0.22, 0.22, 0.22, 
0.22, 0.86, 0.86, 0.98, 0.99, 1, 0.96, 0.96, 0.94, 0.94, 0.88, 
0.88, 0.88, 0.88, 0.88, 0.88, 0.48, 0.48, 0.48, 0.48, 0.48, 0.48, 
0.48, 0.48, 0.48, 0.48, 0.48, 0.48, 0.48, 0.48, 0.48, 0.48, 0.48, 
0.48, 0.48, 0.48, 0.48, 0.48, 0.48, 0.48, 0.48, 0.48, 0.48, 0.48, 
0.48, 0.48, 0.48, 0.48, 0.48, 0.48, 0.48, 0.48, 0, 0.01, 0.01, 
0.01, 0.01, 0.01, 0.01, 0.01, 0.01, 0.01, 0.01, 0.01, 0.01, 0.01, 
0.01, 0.01, 0.01, 0.01, 0.01, 0.01, 0.01, 0.01, 0.22, 0.22, 0.22, 
0.22, 0.22, 0.22, 0.22, 0.22, 0.22, 0.22, 0.22, 0.22, 0.22, 0.22, 
0.22, 0.22, 0.22, 0.22, 0.22, 0.22, 0.22, 0.22, 0.22, 0.22, 0.22, 
0.86, 0.86, 0.96, 0.96, 0.96, 1, 0.99, 0.94, 0.94, 0.88, 0.88, 
0.88, 0.88, 0.88, 0.88, 0.48, 0.48, 0.48, 0.48, 0.48, 0.48, 0.48, 
0.48, 0.48, 0.48, 0.48, 0.48, 0.48, 0.48, 0.48, 0.48, 0.48, 0.48, 
0.48, 0.48, 0.48, 0.48, 0.48, 0.48, 0.48, 0.48, 0.48, 0.48, 0.48, 
0.48, 0.48, 0.48, 0.48, 0.48, 0.48, 0.48, 0, 0.01, 0.01, 0.01, 
0.01, 0.01, 0.01, 0.01, 0.01, 0.01, 0.01, 0.01, 0.01, 0.01, 0.01, 
0.01, 0.01, 0.01, 0.01, 0.01, 0.01, 0.01, 0.22, 0.22, 0.22, 0.22, 
0.22, 0.22, 0.22, 0.22, 0.22, 0.22, 0.22, 0.22, 0.22, 0.22, 0.22, 
0.22, 0.22, 0.22, 0.22, 0.22, 0.22, 0.22, 0.22, 0.22, 0.22, 0.86, 
0.86, 0.96, 0.96, 0.96, 0.99, 1, 0.94, 0.94, 0.88, 0.88, 0.88, 
0.88, 0.88, 0.88, 0.48, 0.48, 0.48, 0.48, 0.48, 0.48, 0.48, 0.48, 
0.48, 0.48, 0.48, 0.48, 0.48, 0.48, 0.48, 0.48, 0.48, 0.48, 0.48, 
0.48, 0.48, 0.48, 0.48, 0.48, 0.48, 0.48, 0.48, 0.48, 0.48, 0.48, 
0.48, 0.48, 0.48, 0.48, 0.48, 0.48, 0, 0.01, 0.01, 0.01, 0.01, 
0.01, 0.01, 0.01, 0.01, 0.01, 0.01, 0.01, 0.01, 0.01, 0.01, 0.01, 
0.01, 0.01, 0.01, 0.01, 0.01, 0.01, 0.22, 0.22, 0.22, 0.22, 0.22, 
0.22, 0.22, 0.22, 0.22, 0.22, 0.22, 0.22, 0.22, 0.22, 0.22, 0.22, 
0.22, 0.22, 0.22, 0.22, 0.22, 0.22, 0.22, 0.22, 0.22, 0.86, 0.86, 
0.94, 0.94, 0.94, 0.94, 0.94, 1, 0.99, 0.88, 0.88, 0.88, 0.88, 
0.88, 0.88, 0.48, 0.48, 0.48, 0.48, 0.48, 0.48, 0.48, 0.48, 0.48, 
0.48, 0.48, 0.48, 0.48, 0.48, 0.48, 0.48, 0.48, 0.48, 0.48, 0.48, 
0.48, 0.48, 0.48, 0.48, 0.48, 0.48, 0.48, 0.48, 0.48, 0.48, 0.48, 
0.48, 0.48, 0.48, 0.48, 0.48, 0, 0.01, 0.01, 0.01, 0.01, 0.01, 
0.01, 0.01, 0.01, 0.01, 0.01, 0.01, 0.01, 0.01, 0.01, 0.01, 0.01, 
0.01, 0.01, 0.01, 0.01, 0.01, 0.22, 0.22, 0.22, 0.22, 0.22, 0.22, 
0.22, 0.22, 0.22, 0.22, 0.22, 0.22, 0.22, 0.22, 0.22, 0.22, 0.22, 
0.22, 0.22, 0.22, 0.22, 0.22, 0.22, 0.22, 0.22, 0.86, 0.86, 0.94, 
0.94, 0.94, 0.94, 0.94, 0.99, 1, 0.88, 0.88, 0.88, 0.88, 0.88, 
0.88, 0.48, 0.48, 0.48, 0.48, 0.48, 0.48, 0.48, 0.48, 0.48, 0.48, 
0.48, 0.48, 0.48, 0.48, 0.48, 0.48, 0.48, 0.48, 0.48, 0.48, 0.48, 
0.48, 0.48, 0.48, 0.48, 0.48, 0.48, 0.48, 0.48, 0.48, 0.48, 0.48, 
0.48, 0.48, 0.48, 0.48, 0, 0.01, 0.01, 0.01, 0.01, 0.01, 0.01, 
0.01, 0.01, 0.01, 0.01, 0.01, 0.01, 0.01, 0.01, 0.01, 0.01, 0.01, 
0.01, 0.01, 0.01, 0.01, 0.22, 0.22, 0.22, 0.22, 0.22, 0.22, 0.22, 
0.22, 0.22, 0.22, 0.22, 0.22, 0.22, 0.22, 0.22, 0.22, 0.22, 0.22, 
0.22, 0.22, 0.22, 0.22, 0.22, 0.22, 0.22, 0.86, 0.86, 0.88, 0.88, 
0.88, 0.88, 0.88, 0.88, 0.88, 1, 0.95, 0.95, 0.95, 0.95, 0.95, 
0.48, 0.48, 0.48, 0.48, 0.48, 0.48, 0.48, 0.48, 0.48, 0.48, 0.48, 
0.48, 0.48, 0.48, 0.48, 0.48, 0.48, 0.48, 0.48, 0.48, 0.48, 0.48, 
0.48, 0.48, 0.48, 0.48, 0.48, 0.48, 0.48, 0.48, 0.48, 0.48, 0.48, 
0.48, 0.48, 0.48, 0, 0.01, 0.01, 0.01, 0.01, 0.01, 0.01, 0.01, 
0.01, 0.01, 0.01, 0.01, 0.01, 0.01, 0.01, 0.01, 0.01, 0.01, 0.01, 
0.01, 0.01, 0.01, 0.22, 0.22, 0.22, 0.22, 0.22, 0.22, 0.22, 0.22, 
0.22, 0.22, 0.22, 0.22, 0.22, 0.22, 0.22, 0.22, 0.22, 0.22, 0.22, 
0.22, 0.22, 0.22, 0.22, 0.22, 0.22, 0.86, 0.86, 0.88, 0.88, 0.88, 
0.88, 0.88, 0.88, 0.88, 0.95, 1, 0.99, 0.98, 0.97, 0.96, 0.48, 
0.48, 0.48, 0.48, 0.48, 0.48, 0.48, 0.48, 0.48, 0.48, 0.48, 0.48, 
0.48, 0.48, 0.48, 0.48, 0.48, 0.48, 0.48, 0.48, 0.48, 0.48, 0.48, 
0.48, 0.48, 0.48, 0.48, 0.48, 0.48, 0.48, 0.48, 0.48, 0.48, 0.48, 
0.48, 0.48, 0, 0.01, 0.01, 0.01, 0.01, 0.01, 0.01, 0.01, 0.01, 
0.01, 0.01, 0.01, 0.01, 0.01, 0.01, 0.01, 0.01, 0.01, 0.01, 0.01, 
0.01, 0.01, 0.22, 0.22, 0.22, 0.22, 0.22, 0.22, 0.22, 0.22, 0.22, 
0.22, 0.22, 0.22, 0.22, 0.22, 0.22, 0.22, 0.22, 0.22, 0.22, 0.22, 
0.22, 0.22, 0.22, 0.22, 0.22, 0.86, 0.86, 0.88, 0.88, 0.88, 0.88, 
0.88, 0.88, 0.88, 0.95, 0.99, 1, 0.98, 0.97, 0.96, 0.48, 0.48, 
0.48, 0.48, 0.48, 0.48, 0.48, 0.48, 0.48, 0.48, 0.48, 0.48, 0.48, 
0.48, 0.48, 0.48, 0.48, 0.48, 0.48, 0.48, 0.48, 0.48, 0.48, 0.48, 
0.48, 0.48, 0.48, 0.48, 0.48, 0.48, 0.48, 0.48, 0.48, 0.48, 0.48, 
0.48, 0, 0.01, 0.01, 0.01, 0.01, 0.01, 0.01, 0.01, 0.01, 0.01, 
0.01, 0.01, 0.01, 0.01, 0.01, 0.01, 0.01, 0.01, 0.01, 0.01, 0.01, 
0.01, 0.22, 0.22, 0.22, 0.22, 0.22, 0.22, 0.22, 0.22, 0.22, 0.22, 
0.22, 0.22, 0.22, 0.22, 0.22, 0.22, 0.22, 0.22, 0.22, 0.22, 0.22, 
0.22, 0.22, 0.22, 0.22, 0.86, 0.86, 0.88, 0.88, 0.88, 0.88, 0.88, 
0.88, 0.88, 0.95, 0.98, 0.98, 1, 0.97, 0.96, 0.48, 0.48, 0.48, 
0.48, 0.48, 0.48, 0.48, 0.48, 0.48, 0.48, 0.48, 0.48, 0.48, 0.48, 
0.48, 0.48, 0.48, 0.48, 0.48, 0.48, 0.48, 0.48, 0.48, 0.48, 0.48, 
0.48, 0.48, 0.48, 0.48, 0.48, 0.48, 0.48, 0.48, 0.48, 0.48, 0.48, 
0, 0.01, 0.01, 0.01, 0.01, 0.01, 0.01, 0.01, 0.01, 0.01, 0.01, 
0.01, 0.01, 0.01, 0.01, 0.01, 0.01, 0.01, 0.01, 0.01, 0.01, 0.01, 
0.22, 0.22, 0.22, 0.22, 0.22, 0.22, 0.22, 0.22, 0.22, 0.22, 0.22, 
0.22, 0.22, 0.22, 0.22, 0.22, 0.22, 0.22, 0.22, 0.22, 0.22, 0.22, 
0.22, 0.22, 0.22, 0.86, 0.86, 0.88, 0.88, 0.88, 0.88, 0.88, 0.88, 
0.88, 0.95, 0.97, 0.97, 0.97, 1, 0.96, 0.48, 0.48, 0.48, 0.48, 
0.48, 0.48, 0.48, 0.48, 0.48, 0.48, 0.48, 0.48, 0.48, 0.48, 0.48, 
0.48, 0.48, 0.48, 0.48, 0.48, 0.48, 0.48, 0.48, 0.48, 0.48, 0.48, 
0.48, 0.48, 0.48, 0.48, 0.48, 0.48, 0.48, 0.48, 0.48, 0.48, 0, 
0.01, 0.01, 0.01, 0.01, 0.01, 0.01, 0.01, 0.01, 0.01, 0.01, 0.01, 
0.01, 0.01, 0.01, 0.01, 0.01, 0.01, 0.01, 0.01, 0.01, 0.01, 0.22, 
0.22, 0.22, 0.22, 0.22, 0.22, 0.22, 0.22, 0.22, 0.22, 0.22, 0.22, 
0.22, 0.22, 0.22, 0.22, 0.22, 0.22, 0.22, 0.22, 0.22, 0.22, 0.22, 
0.22, 0.22, 0.86, 0.86, 0.88, 0.88, 0.88, 0.88, 0.88, 0.88, 0.88, 
0.95, 0.96, 0.96, 0.96, 0.96, 1, 0.48, 0.48, 0.48, 0.48, 0.48, 
0.48, 0.48, 0.48, 0.48, 0.48, 0.48, 0.48, 0.48, 0.48, 0.48, 0.48, 
0.48, 0.48, 0.48, 0.48, 0.48, 0.48, 0.48, 0.48, 0.48, 0.48, 0.48, 
0.48, 0.48, 0.48, 0.48, 0.48, 0.48, 0.48, 0.48, 0.48, 0, 0.01, 
0.01, 0.01, 0.01, 0.01, 0.01, 0.01, 0.01, 0.01, 0.01, 0.01, 0.01, 
0.01, 0.01, 0.01, 0.01, 0.01, 0.01, 0.01, 0.01, 0.01, 0.22, 0.22, 
0.22, 0.22, 0.22, 0.22, 0.22, 0.22, 0.22, 0.22, 0.22, 0.22, 0.22, 
0.22, 0.22, 0.22, 0.22, 0.22, 0.22, 0.22, 0.22, 0.22, 0.22, 0.22, 
0.22, 0.48, 0.48, 0.48, 0.48, 0.48, 0.48, 0.48, 0.48, 0.48, 0.48, 
0.48, 0.48, 0.48, 0.48, 0.48, 1, 0.63, 0.63, 0.63, 0.63, 0.63, 
0.63, 0.63, 0.63, 0.63, 0.63, 0.63, 0.63, 0.63, 0.63, 0.63, 0.63, 
0.63, 0.63, 0.63, 0.63, 0.63, 0.63, 0.63, 0.63, 0.63, 0.63, 0.63, 
0.63, 0.63, 0.63, 0.63, 0.63, 0.63, 0.63, 0.63, 0, 0.01, 0.01, 
0.01, 0.01, 0.01, 0.01, 0.01, 0.01, 0.01, 0.01, 0.01, 0.01, 0.01, 
0.01, 0.01, 0.01, 0.01, 0.01, 0.01, 0.01, 0.01, 0.22, 0.22, 0.22, 
0.22, 0.22, 0.22, 0.22, 0.22, 0.22, 0.22, 0.22, 0.22, 0.22, 0.22, 
0.22, 0.22, 0.22, 0.22, 0.22, 0.22, 0.22, 0.22, 0.22, 0.22, 0.22, 
0.48, 0.48, 0.48, 0.48, 0.48, 0.48, 0.48, 0.48, 0.48, 0.48, 0.48, 
0.48, 0.48, 0.48, 0.48, 0.63, 1, 0.99, 0.79, 0.79, 0.79, 0.79, 
0.79, 0.79, 0.79, 0.79, 0.79, 0.79, 0.79, 0.79, 0.79, 0.79, 0.79, 
0.79, 0.79, 0.79, 0.64, 0.64, 0.64, 0.64, 0.64, 0.64, 0.64, 0.64, 
0.64, 0.64, 0.64, 0.64, 0.64, 0.64, 0.64, 0, 0.01, 0.01, 0.01, 
0.01, 0.01, 0.01, 0.01, 0.01, 0.01, 0.01, 0.01, 0.01, 0.01, 0.01, 
0.01, 0.01, 0.01, 0.01, 0.01, 0.01, 0.01, 0.22, 0.22, 0.22, 0.22, 
0.22, 0.22, 0.22, 0.22, 0.22, 0.22, 0.22, 0.22, 0.22, 0.22, 0.22, 
0.22, 0.22, 0.22, 0.22, 0.22, 0.22, 0.22, 0.22, 0.22, 0.22, 0.48, 
0.48, 0.48, 0.48, 0.48, 0.48, 0.48, 0.48, 0.48, 0.48, 0.48, 0.48, 
0.48, 0.48, 0.48, 0.63, 0.99, 1, 0.79, 0.79, 0.79, 0.79, 0.79, 
0.79, 0.79, 0.79, 0.79, 0.79, 0.79, 0.79, 0.79, 0.79, 0.79, 0.79, 
0.79, 0.79, 0.64, 0.64, 0.64, 0.64, 0.64, 0.64, 0.64, 0.64, 0.64, 
0.64, 0.64, 0.64, 0.64, 0.64, 0.64, 0, 0.01, 0.01, 0.01, 0.01, 
0.01, 0.01, 0.01, 0.01, 0.01, 0.01, 0.01, 0.01, 0.01, 0.01, 0.01, 
0.01, 0.01, 0.01, 0.01, 0.01, 0.01, 0.22, 0.22, 0.22, 0.22, 0.22, 
0.22, 0.22, 0.22, 0.22, 0.22, 0.22, 0.22, 0.22, 0.22, 0.22, 0.22, 
0.22, 0.22, 0.22, 0.22, 0.22, 0.22, 0.22, 0.22, 0.22, 0.48, 0.48, 
0.48, 0.48, 0.48, 0.48, 0.48, 0.48, 0.48, 0.48, 0.48, 0.48, 0.48, 
0.48, 0.48, 0.63, 0.79, 0.79, 1, 0.95, 0.95, 0.95, 0.95, 0.81, 
0.81, 0.81, 0.81, 0.81, 0.81, 0.81, 0.81, 0.81, 0.81, 0.81, 0.81, 
0.81, 0.64, 0.64, 0.64, 0.64, 0.64, 0.64, 0.64, 0.64, 0.64, 0.64, 
0.64, 0.64, 0.64, 0.64, 0.64, 0, 0.01, 0.01, 0.01, 0.01, 0.01, 
0.01, 0.01, 0.01, 0.01, 0.01, 0.01, 0.01, 0.01, 0.01, 0.01, 0.01, 
0.01, 0.01, 0.01, 0.01, 0.01, 0.22, 0.22, 0.22, 0.22, 0.22, 0.22, 
0.22, 0.22, 0.22, 0.22, 0.22, 0.22, 0.22, 0.22, 0.22, 0.22, 0.22, 
0.22, 0.22, 0.22, 0.22, 0.22, 0.22, 0.22, 0.22, 0.48, 0.48, 0.48, 
0.48, 0.48, 0.48, 0.48, 0.48, 0.48, 0.48, 0.48, 0.48, 0.48, 0.48, 
0.48, 0.63, 0.79, 0.79, 0.95, 1, 0.96, 0.96, 0.96, 0.81, 0.81, 
0.81, 0.81, 0.81, 0.81, 0.81, 0.81, 0.81, 0.81, 0.81, 0.81, 0.81, 
0.64, 0.64, 0.64, 0.64, 0.64, 0.64, 0.64, 0.64, 0.64, 0.64, 0.64, 
0.64, 0.64, 0.64, 0.64, 0, 0.01, 0.01, 0.01, 0.01, 0.01, 0.01, 
0.01, 0.01, 0.01, 0.01, 0.01, 0.01, 0.01, 0.01, 0.01, 0.01, 0.01, 
0.01, 0.01, 0.01, 0.01, 0.22, 0.22, 0.22, 0.22, 0.22, 0.22, 0.22, 
0.22, 0.22, 0.22, 0.22, 0.22, 0.22, 0.22, 0.22, 0.22, 0.22, 0.22, 
0.22, 0.22, 0.22, 0.22, 0.22, 0.22, 0.22, 0.48, 0.48, 0.48, 0.48, 
0.48, 0.48, 0.48, 0.48, 0.48, 0.48, 0.48, 0.48, 0.48, 0.48, 0.48, 
0.63, 0.79, 0.79, 0.95, 0.96, 1, 0.98, 0.98, 0.81, 0.81, 0.81, 
0.81, 0.81, 0.81, 0.81, 0.81, 0.81, 0.81, 0.81, 0.81, 0.81, 0.64, 
0.64, 0.64, 0.64, 0.64, 0.64, 0.64, 0.64, 0.64, 0.64, 0.64, 0.64, 
0.64, 0.64, 0.64, 0, 0.01, 0.01, 0.01, 0.01, 0.01, 0.01, 0.01, 
0.01, 0.01, 0.01, 0.01, 0.01, 0.01, 0.01, 0.01, 0.01, 0.01, 0.01, 
0.01, 0.01, 0.01, 0.22, 0.22, 0.22, 0.22, 0.22, 0.22, 0.22, 0.22, 
0.22, 0.22, 0.22, 0.22, 0.22, 0.22, 0.22, 0.22, 0.22, 0.22, 0.22, 
0.22, 0.22, 0.22, 0.22, 0.22, 0.22, 0.48, 0.48, 0.48, 0.48, 0.48, 
0.48, 0.48, 0.48, 0.48, 0.48, 0.48, 0.48, 0.48, 0.48, 0.48, 0.63, 
0.79, 0.79, 0.95, 0.96, 0.98, 1, 0.99, 0.81, 0.81, 0.81, 0.81, 
0.81, 0.81, 0.81, 0.81, 0.81, 0.81, 0.81, 0.81, 0.81, 0.64, 0.64, 
0.64, 0.64, 0.64, 0.64, 0.64, 0.64, 0.64, 0.64, 0.64, 0.64, 0.64, 
0.64, 0.64, 0, 0.01, 0.01, 0.01, 0.01, 0.01, 0.01, 0.01, 0.01, 
0.01, 0.01, 0.01, 0.01, 0.01, 0.01, 0.01, 0.01, 0.01, 0.01, 0.01, 
0.01, 0.01, 0.22, 0.22, 0.22, 0.22, 0.22, 0.22, 0.22, 0.22, 0.22, 
0.22, 0.22, 0.22, 0.22, 0.22, 0.22, 0.22, 0.22, 0.22, 0.22, 0.22, 
0.22, 0.22, 0.22, 0.22, 0.22, 0.48, 0.48, 0.48, 0.48, 0.48, 0.48, 
0.48, 0.48, 0.48, 0.48, 0.48, 0.48, 0.48, 0.48, 0.48, 0.63, 0.79, 
0.79, 0.95, 0.96, 0.98, 0.99, 1, 0.81, 0.81, 0.81, 0.81, 0.81, 
0.81, 0.81, 0.81, 0.81, 0.81, 0.81, 0.81, 0.81, 0.64, 0.64, 0.64, 
0.64, 0.64, 0.64, 0.64, 0.64, 0.64, 0.64, 0.64, 0.64, 0.64, 0.64, 
0.64, 0, 0.01, 0.01, 0.01, 0.01, 0.01, 0.01, 0.01, 0.01, 0.01, 
0.01, 0.01, 0.01, 0.01, 0.01, 0.01, 0.01, 0.01, 0.01, 0.01, 0.01, 
0.01, 0.22, 0.22, 0.22, 0.22, 0.22, 0.22, 0.22, 0.22, 0.22, 0.22, 
0.22, 0.22, 0.22, 0.22, 0.22, 0.22, 0.22, 0.22, 0.22, 0.22, 0.22, 
0.22, 0.22, 0.22, 0.22, 0.48, 0.48, 0.48, 0.48, 0.48, 0.48, 0.48, 
0.48, 0.48, 0.48, 0.48, 0.48, 0.48, 0.48, 0.48, 0.63, 0.79, 0.79, 
0.81, 0.81, 0.81, 0.81, 0.81, 1, 0.98, 0.87, 0.87, 0.87, 0.87, 
0.87, 0.87, 0.87, 0.87, 0.87, 0.87, 0.87, 0.64, 0.64, 0.64, 0.64, 
0.64, 0.64, 0.64, 0.64, 0.64, 0.64, 0.64, 0.64, 0.64, 0.64, 0.64, 
0, 0.01, 0.01, 0.01, 0.01, 0.01, 0.01, 0.01, 0.01, 0.01, 0.01, 
0.01, 0.01, 0.01, 0.01, 0.01, 0.01, 0.01, 0.01, 0.01, 0.01, 0.01, 
0.22, 0.22, 0.22, 0.22, 0.22, 0.22, 0.22, 0.22, 0.22, 0.22, 0.22, 
0.22, 0.22, 0.22, 0.22, 0.22, 0.22, 0.22, 0.22, 0.22, 0.22, 0.22, 
0.22, 0.22, 0.22, 0.48, 0.48, 0.48, 0.48, 0.48, 0.48, 0.48, 0.48, 
0.48, 0.48, 0.48, 0.48, 0.48, 0.48, 0.48, 0.63, 0.79, 0.79, 0.81, 
0.81, 0.81, 0.81, 0.81, 0.98, 1, 0.87, 0.87, 0.87, 0.87, 0.87, 
0.87, 0.87, 0.87, 0.87, 0.87, 0.87, 0.64, 0.64, 0.64, 0.64, 0.64, 
0.64, 0.64, 0.64, 0.64, 0.64, 0.64, 0.64, 0.64, 0.64, 0.64, 0, 
0.01, 0.01, 0.01, 0.01, 0.01, 0.01, 0.01, 0.01, 0.01, 0.01, 0.01, 
0.01, 0.01, 0.01, 0.01, 0.01, 0.01, 0.01, 0.01, 0.01, 0.01, 0.22, 
0.22, 0.22, 0.22, 0.22, 0.22, 0.22, 0.22, 0.22, 0.22, 0.22, 0.22, 
0.22, 0.22, 0.22, 0.22, 0.22, 0.22, 0.22, 0.22, 0.22, 0.22, 0.22, 
0.22, 0.22, 0.48, 0.48, 0.48, 0.48, 0.48, 0.48, 0.48, 0.48, 0.48, 
0.48, 0.48, 0.48, 0.48, 0.48, 0.48, 0.63, 0.79, 0.79, 0.81, 0.81, 
0.81, 0.81, 0.81, 0.87, 0.87, 1, 0.99, 0.9, 0.9, 0.9, 0.9, 0.9, 
0.9, 0.9, 0.9, 0.9, 0.64, 0.64, 0.64, 0.64, 0.64, 0.64, 0.64, 
0.64, 0.64, 0.64, 0.64, 0.64, 0.64, 0.64, 0.64, 0, 0.01, 0.01, 
0.01, 0.01, 0.01, 0.01, 0.01, 0.01, 0.01, 0.01, 0.01, 0.01, 0.01, 
0.01, 0.01, 0.01, 0.01, 0.01, 0.01, 0.01, 0.01, 0.22, 0.22, 0.22, 
0.22, 0.22, 0.22, 0.22, 0.22, 0.22, 0.22, 0.22, 0.22, 0.22, 0.22, 
0.22, 0.22, 0.22, 0.22, 0.22, 0.22, 0.22, 0.22, 0.22, 0.22, 0.22, 
0.48, 0.48, 0.48, 0.48, 0.48, 0.48, 0.48, 0.48, 0.48, 0.48, 0.48, 
0.48, 0.48, 0.48, 0.48, 0.63, 0.79, 0.79, 0.81, 0.81, 0.81, 0.81, 
0.81, 0.87, 0.87, 0.99, 1, 0.9, 0.9, 0.9, 0.9, 0.9, 0.9, 0.9, 
0.9, 0.9, 0.64, 0.64, 0.64, 0.64, 0.64, 0.64, 0.64, 0.64, 0.64, 
0.64, 0.64, 0.64, 0.64, 0.64, 0.64, 0, 0.01, 0.01, 0.01, 0.01, 
0.01, 0.01, 0.01, 0.01, 0.01, 0.01, 0.01, 0.01, 0.01, 0.01, 0.01, 
0.01, 0.01, 0.01, 0.01, 0.01, 0.01, 0.22, 0.22, 0.22, 0.22, 0.22, 
0.22, 0.22, 0.22, 0.22, 0.22, 0.22, 0.22, 0.22, 0.22, 0.22, 0.22, 
0.22, 0.22, 0.22, 0.22, 0.22, 0.22, 0.22, 0.22, 0.22, 0.48, 0.48, 
0.48, 0.48, 0.48, 0.48, 0.48, 0.48, 0.48, 0.48, 0.48, 0.48, 0.48, 
0.48, 0.48, 0.63, 0.79, 0.79, 0.81, 0.81, 0.81, 0.81, 0.81, 0.87, 
0.87, 0.9, 0.9, 1, 0.99, 0.92, 0.92, 0.92, 0.92, 0.92, 0.92, 
0.92, 0.64, 0.64, 0.64, 0.64, 0.64, 0.64, 0.64, 0.64, 0.64, 0.64, 
0.64, 0.64, 0.64, 0.64, 0.64, 0, 0.01, 0.01, 0.01, 0.01, 0.01, 
0.01, 0.01, 0.01, 0.01, 0.01, 0.01, 0.01, 0.01, 0.01, 0.01, 0.01, 
0.01, 0.01, 0.01, 0.01, 0.01, 0.22, 0.22, 0.22, 0.22, 0.22, 0.22, 
0.22, 0.22, 0.22, 0.22, 0.22, 0.22, 0.22, 0.22, 0.22, 0.22, 0.22, 
0.22, 0.22, 0.22, 0.22, 0.22, 0.22, 0.22, 0.22, 0.48, 0.48, 0.48, 
0.48, 0.48, 0.48, 0.48, 0.48, 0.48, 0.48, 0.48, 0.48, 0.48, 0.48, 
0.48, 0.63, 0.79, 0.79, 0.81, 0.81, 0.81, 0.81, 0.81, 0.87, 0.87, 
0.9, 0.9, 0.99, 1, 0.92, 0.92, 0.92, 0.92, 0.92, 0.92, 0.92, 
0.64, 0.64, 0.64, 0.64, 0.64, 0.64, 0.64, 0.64, 0.64, 0.64, 0.64, 
0.64, 0.64, 0.64, 0.64, 0, 0.01, 0.01, 0.01, 0.01, 0.01, 0.01, 
0.01, 0.01, 0.01, 0.01, 0.01, 0.01, 0.01, 0.01, 0.01, 0.01, 0.01, 
0.01, 0.01, 0.01, 0.01, 0.22, 0.22, 0.22, 0.22, 0.22, 0.22, 0.22, 
0.22, 0.22, 0.22, 0.22, 0.22, 0.22, 0.22, 0.22, 0.22, 0.22, 0.22, 
0.22, 0.22, 0.22, 0.22, 0.22, 0.22, 0.22, 0.48, 0.48, 0.48, 0.48, 
0.48, 0.48, 0.48, 0.48, 0.48, 0.48, 0.48, 0.48, 0.48, 0.48, 0.48, 
0.63, 0.79, 0.79, 0.81, 0.81, 0.81, 0.81, 0.81, 0.87, 0.87, 0.9, 
0.9, 0.92, 0.92, 1, 0.94, 0.94, 0.94, 0.94, 0.94, 0.94, 0.64, 
0.64, 0.64, 0.64, 0.64, 0.64, 0.64, 0.64, 0.64, 0.64, 0.64, 0.64, 
0.64, 0.64, 0.64, 0, 0.01, 0.01, 0.01, 0.01, 0.01, 0.01, 0.01, 
0.01, 0.01, 0.01, 0.01, 0.01, 0.01, 0.01, 0.01, 0.01, 0.01, 0.01, 
0.01, 0.01, 0.01, 0.22, 0.22, 0.22, 0.22, 0.22, 0.22, 0.22, 0.22, 
0.22, 0.22, 0.22, 0.22, 0.22, 0.22, 0.22, 0.22, 0.22, 0.22, 0.22, 
0.22, 0.22, 0.22, 0.22, 0.22, 0.22, 0.48, 0.48, 0.48, 0.48, 0.48, 
0.48, 0.48, 0.48, 0.48, 0.48, 0.48, 0.48, 0.48, 0.48, 0.48, 0.63, 
0.79, 0.79, 0.81, 0.81, 0.81, 0.81, 0.81, 0.87, 0.87, 0.9, 0.9, 
0.92, 0.92, 0.94, 1, 0.95, 0.95, 0.95, 0.95, 0.95, 0.64, 0.64, 
0.64, 0.64, 0.64, 0.64, 0.64, 0.64, 0.64, 0.64, 0.64, 0.64, 0.64, 
0.64, 0.64, 0, 0.01, 0.01, 0.01, 0.01, 0.01, 0.01, 0.01, 0.01, 
0.01, 0.01, 0.01, 0.01, 0.01, 0.01, 0.01, 0.01, 0.01, 0.01, 0.01, 
0.01, 0.01, 0.22, 0.22, 0.22, 0.22, 0.22, 0.22, 0.22, 0.22, 0.22, 
0.22, 0.22, 0.22, 0.22, 0.22, 0.22, 0.22, 0.22, 0.22, 0.22, 0.22, 
0.22, 0.22, 0.22, 0.22, 0.22, 0.48, 0.48, 0.48, 0.48, 0.48, 0.48, 
0.48, 0.48, 0.48, 0.48, 0.48, 0.48, 0.48, 0.48, 0.48, 0.63, 0.79, 
0.79, 0.81, 0.81, 0.81, 0.81, 0.81, 0.87, 0.87, 0.9, 0.9, 0.92, 
0.92, 0.94, 0.95, 1, 0.99, 0.96, 0.96, 0.96, 0.64, 0.64, 0.64, 
0.64, 0.64, 0.64, 0.64, 0.64, 0.64, 0.64, 0.64, 0.64, 0.64, 0.64, 
0.64, 0, 0.01, 0.01, 0.01, 0.01, 0.01, 0.01, 0.01, 0.01, 0.01, 
0.01, 0.01, 0.01, 0.01, 0.01, 0.01, 0.01, 0.01, 0.01, 0.01, 0.01, 
0.01, 0.22, 0.22, 0.22, 0.22, 0.22, 0.22, 0.22, 0.22, 0.22, 0.22, 
0.22, 0.22, 0.22, 0.22, 0.22, 0.22, 0.22, 0.22, 0.22, 0.22, 0.22, 
0.22, 0.22, 0.22, 0.22, 0.48, 0.48, 0.48, 0.48, 0.48, 0.48, 0.48, 
0.48, 0.48, 0.48, 0.48, 0.48, 0.48, 0.48, 0.48, 0.63, 0.79, 0.79, 
0.81, 0.81, 0.81, 0.81, 0.81, 0.87, 0.87, 0.9, 0.9, 0.92, 0.92, 
0.94, 0.95, 0.99, 1, 0.96, 0.96, 0.96, 0.64, 0.64, 0.64, 0.64, 
0.64, 0.64, 0.64, 0.64, 0.64, 0.64, 0.64, 0.64, 0.64, 0.64, 0.64, 
0, 0.01, 0.01, 0.01, 0.01, 0.01, 0.01, 0.01, 0.01, 0.01, 0.01, 
0.01, 0.01, 0.01, 0.01, 0.01, 0.01, 0.01, 0.01, 0.01, 0.01, 0.01, 
0.22, 0.22, 0.22, 0.22, 0.22, 0.22, 0.22, 0.22, 0.22, 0.22, 0.22, 
0.22, 0.22, 0.22, 0.22, 0.22, 0.22, 0.22, 0.22, 0.22, 0.22, 0.22, 
0.22, 0.22, 0.22, 0.48, 0.48, 0.48, 0.48, 0.48, 0.48, 0.48, 0.48, 
0.48, 0.48, 0.48, 0.48, 0.48, 0.48, 0.48, 0.63, 0.79, 0.79, 0.81, 
0.81, 0.81, 0.81, 0.81, 0.87, 0.87, 0.9, 0.9, 0.92, 0.92, 0.94, 
0.95, 0.96, 0.96, 1, 0.98, 0.98, 0.64, 0.64, 0.64, 0.64, 0.64, 
0.64, 0.64, 0.64, 0.64, 0.64, 0.64, 0.64, 0.64, 0.64, 0.64, 0, 
0.01, 0.01, 0.01, 0.01, 0.01, 0.01, 0.01, 0.01, 0.01, 0.01, 0.01, 
0.01, 0.01, 0.01, 0.01, 0.01, 0.01, 0.01, 0.01, 0.01, 0.01, 0.22, 
0.22, 0.22, 0.22, 0.22, 0.22, 0.22, 0.22, 0.22, 0.22, 0.22, 0.22, 
0.22, 0.22, 0.22, 0.22, 0.22, 0.22, 0.22, 0.22, 0.22, 0.22, 0.22, 
0.22, 0.22, 0.48, 0.48, 0.48, 0.48, 0.48, 0.48, 0.48, 0.48, 0.48, 
0.48, 0.48, 0.48, 0.48, 0.48, 0.48, 0.63, 0.79, 0.79, 0.81, 0.81, 
0.81, 0.81, 0.81, 0.87, 0.87, 0.9, 0.9, 0.92, 0.92, 0.94, 0.95, 
0.96, 0.96, 0.98, 1, 0.99, 0.64, 0.64, 0.64, 0.64, 0.64, 0.64, 
0.64, 0.64, 0.64, 0.64, 0.64, 0.64, 0.64, 0.64, 0.64, 0, 0.01, 
0.01, 0.01, 0.01, 0.01, 0.01, 0.01, 0.01, 0.01, 0.01, 0.01, 0.01, 
0.01, 0.01, 0.01, 0.01, 0.01, 0.01, 0.01, 0.01, 0.01, 0.22, 0.22, 
0.22, 0.22, 0.22, 0.22, 0.22, 0.22, 0.22, 0.22, 0.22, 0.22, 0.22, 
0.22, 0.22, 0.22, 0.22, 0.22, 0.22, 0.22, 0.22, 0.22, 0.22, 0.22, 
0.22, 0.48, 0.48, 0.48, 0.48, 0.48, 0.48, 0.48, 0.48, 0.48, 0.48, 
0.48, 0.48, 0.48, 0.48, 0.48, 0.63, 0.79, 0.79, 0.81, 0.81, 0.81, 
0.81, 0.81, 0.87, 0.87, 0.9, 0.9, 0.92, 0.92, 0.94, 0.95, 0.96, 
0.96, 0.98, 0.99, 1, 0.64, 0.64, 0.64, 0.64, 0.64, 0.64, 0.64, 
0.64, 0.64, 0.64, 0.64, 0.64, 0.64, 0.64, 0.64, 0, 0.01, 0.01, 
0.01, 0.01, 0.01, 0.01, 0.01, 0.01, 0.01, 0.01, 0.01, 0.01, 0.01, 
0.01, 0.01, 0.01, 0.01, 0.01, 0.01, 0.01, 0.01, 0.22, 0.22, 0.22, 
0.22, 0.22, 0.22, 0.22, 0.22, 0.22, 0.22, 0.22, 0.22, 0.22, 0.22, 
0.22, 0.22, 0.22, 0.22, 0.22, 0.22, 0.22, 0.22, 0.22, 0.22, 0.22, 
0.48, 0.48, 0.48, 0.48, 0.48, 0.48, 0.48, 0.48, 0.48, 0.48, 0.48, 
0.48, 0.48, 0.48, 0.48, 0.63, 0.64, 0.64, 0.64, 0.64, 0.64, 0.64, 
0.64, 0.64, 0.64, 0.64, 0.64, 0.64, 0.64, 0.64, 0.64, 0.64, 0.64, 
0.64, 0.64, 0.64, 1, 0.99, 0.98, 0.86, 0.86, 0.86, 0.86, 0.86, 
0.86, 0.86, 0.86, 0.86, 0.86, 0.86, 0.86, 0, 0.01, 0.01, 0.01, 
0.01, 0.01, 0.01, 0.01, 0.01, 0.01, 0.01, 0.01, 0.01, 0.01, 0.01, 
0.01, 0.01, 0.01, 0.01, 0.01, 0.01, 0.01, 0.22, 0.22, 0.22, 0.22, 
0.22, 0.22, 0.22, 0.22, 0.22, 0.22, 0.22, 0.22, 0.22, 0.22, 0.22, 
0.22, 0.22, 0.22, 0.22, 0.22, 0.22, 0.22, 0.22, 0.22, 0.22, 0.48, 
0.48, 0.48, 0.48, 0.48, 0.48, 0.48, 0.48, 0.48, 0.48, 0.48, 0.48, 
0.48, 0.48, 0.48, 0.63, 0.64, 0.64, 0.64, 0.64, 0.64, 0.64, 0.64, 
0.64, 0.64, 0.64, 0.64, 0.64, 0.64, 0.64, 0.64, 0.64, 0.64, 0.64, 
0.64, 0.64, 0.99, 1, 0.98, 0.86, 0.86, 0.86, 0.86, 0.86, 0.86, 
0.86, 0.86, 0.86, 0.86, 0.86, 0.86, 0, 0.01, 0.01, 0.01, 0.01, 
0.01, 0.01, 0.01, 0.01, 0.01, 0.01, 0.01, 0.01, 0.01, 0.01, 0.01, 
0.01, 0.01, 0.01, 0.01, 0.01, 0.01, 0.22, 0.22, 0.22, 0.22, 0.22, 
0.22, 0.22, 0.22, 0.22, 0.22, 0.22, 0.22, 0.22, 0.22, 0.22, 0.22, 
0.22, 0.22, 0.22, 0.22, 0.22, 0.22, 0.22, 0.22, 0.22, 0.48, 0.48, 
0.48, 0.48, 0.48, 0.48, 0.48, 0.48, 0.48, 0.48, 0.48, 0.48, 0.48, 
0.48, 0.48, 0.63, 0.64, 0.64, 0.64, 0.64, 0.64, 0.64, 0.64, 0.64, 
0.64, 0.64, 0.64, 0.64, 0.64, 0.64, 0.64, 0.64, 0.64, 0.64, 0.64, 
0.64, 0.98, 0.98, 1, 0.86, 0.86, 0.86, 0.86, 0.86, 0.86, 0.86, 
0.86, 0.86, 0.86, 0.86, 0.86, 0, 0.01, 0.01, 0.01, 0.01, 0.01, 
0.01, 0.01, 0.01, 0.01, 0.01, 0.01, 0.01, 0.01, 0.01, 0.01, 0.01, 
0.01, 0.01, 0.01, 0.01, 0.01, 0.22, 0.22, 0.22, 0.22, 0.22, 0.22, 
0.22, 0.22, 0.22, 0.22, 0.22, 0.22, 0.22, 0.22, 0.22, 0.22, 0.22, 
0.22, 0.22, 0.22, 0.22, 0.22, 0.22, 0.22, 0.22, 0.48, 0.48, 0.48, 
0.48, 0.48, 0.48, 0.48, 0.48, 0.48, 0.48, 0.48, 0.48, 0.48, 0.48, 
0.48, 0.63, 0.64, 0.64, 0.64, 0.64, 0.64, 0.64, 0.64, 0.64, 0.64, 
0.64, 0.64, 0.64, 0.64, 0.64, 0.64, 0.64, 0.64, 0.64, 0.64, 0.64, 
0.86, 0.86, 0.86, 1, 0.98, 0.98, 0.96, 0.96, 0.89, 0.89, 0.89, 
0.89, 0.89, 0.89, 0.89, 0, 0.01, 0.01, 0.01, 0.01, 0.01, 0.01, 
0.01, 0.01, 0.01, 0.01, 0.01, 0.01, 0.01, 0.01, 0.01, 0.01, 0.01, 
0.01, 0.01, 0.01, 0.01, 0.22, 0.22, 0.22, 0.22, 0.22, 0.22, 0.22, 
0.22, 0.22, 0.22, 0.22, 0.22, 0.22, 0.22, 0.22, 0.22, 0.22, 0.22, 
0.22, 0.22, 0.22, 0.22, 0.22, 0.22, 0.22, 0.48, 0.48, 0.48, 0.48, 
0.48, 0.48, 0.48, 0.48, 0.48, 0.48, 0.48, 0.48, 0.48, 0.48, 0.48, 
0.63, 0.64, 0.64, 0.64, 0.64, 0.64, 0.64, 0.64, 0.64, 0.64, 0.64, 
0.64, 0.64, 0.64, 0.64, 0.64, 0.64, 0.64, 0.64, 0.64, 0.64, 0.86, 
0.86, 0.86, 0.98, 1, 0.99, 0.96, 0.96, 0.89, 0.89, 0.89, 0.89, 
0.89, 0.89, 0.89, 0, 0.01, 0.01, 0.01, 0.01, 0.01, 0.01, 0.01, 
0.01, 0.01, 0.01, 0.01, 0.01, 0.01, 0.01, 0.01, 0.01, 0.01, 0.01, 
0.01, 0.01, 0.01, 0.22, 0.22, 0.22, 0.22, 0.22, 0.22, 0.22, 0.22, 
0.22, 0.22, 0.22, 0.22, 0.22, 0.22, 0.22, 0.22, 0.22, 0.22, 0.22, 
0.22, 0.22, 0.22, 0.22, 0.22, 0.22, 0.48, 0.48, 0.48, 0.48, 0.48, 
0.48, 0.48, 0.48, 0.48, 0.48, 0.48, 0.48, 0.48, 0.48, 0.48, 0.63, 
0.64, 0.64, 0.64, 0.64, 0.64, 0.64, 0.64, 0.64, 0.64, 0.64, 0.64, 
0.64, 0.64, 0.64, 0.64, 0.64, 0.64, 0.64, 0.64, 0.64, 0.86, 0.86, 
0.86, 0.98, 0.99, 1, 0.96, 0.96, 0.89, 0.89, 0.89, 0.89, 0.89, 
0.89, 0.89, 0, 0.01, 0.01, 0.01, 0.01, 0.01, 0.01, 0.01, 0.01, 
0.01, 0.01, 0.01, 0.01, 0.01, 0.01, 0.01, 0.01, 0.01, 0.01, 0.01, 
0.01, 0.01, 0.22, 0.22, 0.22, 0.22, 0.22, 0.22, 0.22, 0.22, 0.22, 
0.22, 0.22, 0.22, 0.22, 0.22, 0.22, 0.22, 0.22, 0.22, 0.22, 0.22, 
0.22, 0.22, 0.22, 0.22, 0.22, 0.48, 0.48, 0.48, 0.48, 0.48, 0.48, 
0.48, 0.48, 0.48, 0.48, 0.48, 0.48, 0.48, 0.48, 0.48, 0.63, 0.64, 
0.64, 0.64, 0.64, 0.64, 0.64, 0.64, 0.64, 0.64, 0.64, 0.64, 0.64, 
0.64, 0.64, 0.64, 0.64, 0.64, 0.64, 0.64, 0.64, 0.86, 0.86, 0.86, 
0.96, 0.96, 0.96, 1, 0.99, 0.89, 0.89, 0.89, 0.89, 0.89, 0.89, 
0.89, 0, 0.01, 0.01, 0.01, 0.01, 0.01, 0.01, 0.01, 0.01, 0.01, 
0.01, 0.01, 0.01, 0.01, 0.01, 0.01, 0.01, 0.01, 0.01, 0.01, 0.01, 
0.01, 0.22, 0.22, 0.22, 0.22, 0.22, 0.22, 0.22, 0.22, 0.22, 0.22, 
0.22, 0.22, 0.22, 0.22, 0.22, 0.22, 0.22, 0.22, 0.22, 0.22, 0.22, 
0.22, 0.22, 0.22, 0.22, 0.48, 0.48, 0.48, 0.48, 0.48, 0.48, 0.48, 
0.48, 0.48, 0.48, 0.48, 0.48, 0.48, 0.48, 0.48, 0.63, 0.64, 0.64, 
0.64, 0.64, 0.64, 0.64, 0.64, 0.64, 0.64, 0.64, 0.64, 0.64, 0.64, 
0.64, 0.64, 0.64, 0.64, 0.64, 0.64, 0.64, 0.86, 0.86, 0.86, 0.96, 
0.96, 0.96, 0.99, 1, 0.89, 0.89, 0.89, 0.89, 0.89, 0.89, 0.89, 
0, 0.01, 0.01, 0.01, 0.01, 0.01, 0.01, 0.01, 0.01, 0.01, 0.01, 
0.01, 0.01, 0.01, 0.01, 0.01, 0.01, 0.01, 0.01, 0.01, 0.01, 0.01, 
0.22, 0.22, 0.22, 0.22, 0.22, 0.22, 0.22, 0.22, 0.22, 0.22, 0.22, 
0.22, 0.22, 0.22, 0.22, 0.22, 0.22, 0.22, 0.22, 0.22, 0.22, 0.22, 
0.22, 0.22, 0.22, 0.48, 0.48, 0.48, 0.48, 0.48, 0.48, 0.48, 0.48, 
0.48, 0.48, 0.48, 0.48, 0.48, 0.48, 0.48, 0.63, 0.64, 0.64, 0.64, 
0.64, 0.64, 0.64, 0.64, 0.64, 0.64, 0.64, 0.64, 0.64, 0.64, 0.64, 
0.64, 0.64, 0.64, 0.64, 0.64, 0.64, 0.86, 0.86, 0.86, 0.89, 0.89, 
0.89, 0.89, 0.89, 1, 0.94, 0.94, 0.94, 0.94, 0.94, 0.94, 0, 0.01, 
0.01, 0.01, 0.01, 0.01, 0.01, 0.01, 0.01, 0.01, 0.01, 0.01, 0.01, 
0.01, 0.01, 0.01, 0.01, 0.01, 0.01, 0.01, 0.01, 0.01, 0.22, 0.22, 
0.22, 0.22, 0.22, 0.22, 0.22, 0.22, 0.22, 0.22, 0.22, 0.22, 0.22, 
0.22, 0.22, 0.22, 0.22, 0.22, 0.22, 0.22, 0.22, 0.22, 0.22, 0.22, 
0.22, 0.48, 0.48, 0.48, 0.48, 0.48, 0.48, 0.48, 0.48, 0.48, 0.48, 
0.48, 0.48, 0.48, 0.48, 0.48, 0.63, 0.64, 0.64, 0.64, 0.64, 0.64, 
0.64, 0.64, 0.64, 0.64, 0.64, 0.64, 0.64, 0.64, 0.64, 0.64, 0.64, 
0.64, 0.64, 0.64, 0.64, 0.86, 0.86, 0.86, 0.89, 0.89, 0.89, 0.89, 
0.89, 0.94, 1, 0.99, 0.95, 0.95, 0.95, 0.95, 0, 0.01, 0.01, 0.01, 
0.01, 0.01, 0.01, 0.01, 0.01, 0.01, 0.01, 0.01, 0.01, 0.01, 0.01, 
0.01, 0.01, 0.01, 0.01, 0.01, 0.01, 0.01, 0.22, 0.22, 0.22, 0.22, 
0.22, 0.22, 0.22, 0.22, 0.22, 0.22, 0.22, 0.22, 0.22, 0.22, 0.22, 
0.22, 0.22, 0.22, 0.22, 0.22, 0.22, 0.22, 0.22, 0.22, 0.22, 0.48, 
0.48, 0.48, 0.48, 0.48, 0.48, 0.48, 0.48, 0.48, 0.48, 0.48, 0.48, 
0.48, 0.48, 0.48, 0.63, 0.64, 0.64, 0.64, 0.64, 0.64, 0.64, 0.64, 
0.64, 0.64, 0.64, 0.64, 0.64, 0.64, 0.64, 0.64, 0.64, 0.64, 0.64, 
0.64, 0.64, 0.86, 0.86, 0.86, 0.89, 0.89, 0.89, 0.89, 0.89, 0.94, 
0.99, 1, 0.95, 0.95, 0.95, 0.95, 0, 0.01, 0.01, 0.01, 0.01, 0.01, 
0.01, 0.01, 0.01, 0.01, 0.01, 0.01, 0.01, 0.01, 0.01, 0.01, 0.01, 
0.01, 0.01, 0.01, 0.01, 0.01, 0.22, 0.22, 0.22, 0.22, 0.22, 0.22, 
0.22, 0.22, 0.22, 0.22, 0.22, 0.22, 0.22, 0.22, 0.22, 0.22, 0.22, 
0.22, 0.22, 0.22, 0.22, 0.22, 0.22, 0.22, 0.22, 0.48, 0.48, 0.48, 
0.48, 0.48, 0.48, 0.48, 0.48, 0.48, 0.48, 0.48, 0.48, 0.48, 0.48, 
0.48, 0.63, 0.64, 0.64, 0.64, 0.64, 0.64, 0.64, 0.64, 0.64, 0.64, 
0.64, 0.64, 0.64, 0.64, 0.64, 0.64, 0.64, 0.64, 0.64, 0.64, 0.64, 
0.86, 0.86, 0.86, 0.89, 0.89, 0.89, 0.89, 0.89, 0.94, 0.95, 0.95, 
1, 0.97, 0.97, 0.97, 0, 0.01, 0.01, 0.01, 0.01, 0.01, 0.01, 0.01, 
0.01, 0.01, 0.01, 0.01, 0.01, 0.01, 0.01, 0.01, 0.01, 0.01, 0.01, 
0.01, 0.01, 0.01, 0.22, 0.22, 0.22, 0.22, 0.22, 0.22, 0.22, 0.22, 
0.22, 0.22, 0.22, 0.22, 0.22, 0.22, 0.22, 0.22, 0.22, 0.22, 0.22, 
0.22, 0.22, 0.22, 0.22, 0.22, 0.22, 0.48, 0.48, 0.48, 0.48, 0.48, 
0.48, 0.48, 0.48, 0.48, 0.48, 0.48, 0.48, 0.48, 0.48, 0.48, 0.63, 
0.64, 0.64, 0.64, 0.64, 0.64, 0.64, 0.64, 0.64, 0.64, 0.64, 0.64, 
0.64, 0.64, 0.64, 0.64, 0.64, 0.64, 0.64, 0.64, 0.64, 0.86, 0.86, 
0.86, 0.89, 0.89, 0.89, 0.89, 0.89, 0.94, 0.95, 0.95, 0.97, 1, 
0.98, 0.98, 0, 0.01, 0.01, 0.01, 0.01, 0.01, 0.01, 0.01, 0.01, 
0.01, 0.01, 0.01, 0.01, 0.01, 0.01, 0.01, 0.01, 0.01, 0.01, 0.01, 
0.01, 0.01, 0.22, 0.22, 0.22, 0.22, 0.22, 0.22, 0.22, 0.22, 0.22, 
0.22, 0.22, 0.22, 0.22, 0.22, 0.22, 0.22, 0.22, 0.22, 0.22, 0.22, 
0.22, 0.22, 0.22, 0.22, 0.22, 0.48, 0.48, 0.48, 0.48, 0.48, 0.48, 
0.48, 0.48, 0.48, 0.48, 0.48, 0.48, 0.48, 0.48, 0.48, 0.63, 0.64, 
0.64, 0.64, 0.64, 0.64, 0.64, 0.64, 0.64, 0.64, 0.64, 0.64, 0.64, 
0.64, 0.64, 0.64, 0.64, 0.64, 0.64, 0.64, 0.64, 0.86, 0.86, 0.86, 
0.89, 0.89, 0.89, 0.89, 0.89, 0.94, 0.95, 0.95, 0.97, 0.98, 1, 
0.99, 0, 0.01, 0.01, 0.01, 0.01, 0.01, 0.01, 0.01, 0.01, 0.01, 
0.01, 0.01, 0.01, 0.01, 0.01, 0.01, 0.01, 0.01, 0.01, 0.01, 0.01, 
0.01, 0.22, 0.22, 0.22, 0.22, 0.22, 0.22, 0.22, 0.22, 0.22, 0.22, 
0.22, 0.22, 0.22, 0.22, 0.22, 0.22, 0.22, 0.22, 0.22, 0.22, 0.22, 
0.22, 0.22, 0.22, 0.22, 0.48, 0.48, 0.48, 0.48, 0.48, 0.48, 0.48, 
0.48, 0.48, 0.48, 0.48, 0.48, 0.48, 0.48, 0.48, 0.63, 0.64, 0.64, 
0.64, 0.64, 0.64, 0.64, 0.64, 0.64, 0.64, 0.64, 0.64, 0.64, 0.64, 
0.64, 0.64, 0.64, 0.64, 0.64, 0.64, 0.64, 0.86, 0.86, 0.86, 0.89, 
0.89, 0.89, 0.89, 0.89, 0.94, 0.95, 0.95, 0.97, 0.98, 0.99, 1
), dim = c(98L, 98L), dimnames = list(c("Ephedra_torreyana", 
"Elymus_elymoides", "Aristida_purpurea", "Aristida_adscensionis", 
"Sporobolus_flexuosus", "Enneapogon_desvauxii", "Eragrostis_cilianensis", 
"Hilaria_jamesii", "Scleropogon_brevifolius", "Erioneuron_pulchellum", 
"Chondrosum_gracile", "Chondrosum_barbatum", "Chondrosum_eriopoda", 
"Chondrosum_hirsutum", "Bouteloua_curtipendula", "Muhlenbergia_torreyi", 
"Muhlenbergia_arenicola", "Sporobolus_contractus", "Muhlenbergia_arenacea", 
"Lycurus_phleoides", "Muhlenbergia_porteri", "Muhlenbergia_pauciflora", 
"Oenothera_caespitosa", "Gaura_coccinea", "Gaura_suffulta", "Boechera_fendleri", 
"Physaria_fendleri", "Physaria_pinetorum", "Sphaeralcea_coccinea", 
"Sphaeralcea_hastulata", "Sphaeralcea_polychroma", "Rhus_trilobata", 
"Kallstroemia_parviflora", "Larrea_tridentata", "Linum_puberulum", 
"Acalypha_neomexicana", "Euphorbia_exstipulata", "Euphorbia_albomarginata", 
"Euphorbia_revoluta", "Euphorbia_chaetocalyx", "Euphorbia_serpyllifolia", 
"Euphorbia_serrula", "Hoffmannseggia_drepanocarpa", "Senna_bauhinioides", 
"Dalea_brachystachya", "Astragalus_missouriensis", "Astragalus_nuttallianus", 
"Eriogonum_abertianum", "Eriogonum_wrightii", "Mirabilis_linearis", 
"Acleisanthes_diffusa", "Allionia_incarnata", "Nama_dichotoma", 
"Nama_hispida", "Portulaca_oleracea", "Portulaca_halimoides", 
"Drymaria_glandulosa", "Chenopodium_vulvaria", "Chenopodium_incanum", 
"Amaranthus_palmeri", "Tidestromia_lanuginosa", "Salsola_kali", 
"Ipomopsis_pumila", "Stephanomeria_pauciflora", "Cirsium_neomexicanum", 
"Senecio_flaccidus", "Machaeranthera_pinnatifida", "Gutierrezia_sarothrae", 
"Chaetopappa_ericoides", "Aphanostephus_ramosissimus", "Amauriopsis_dissecta", 
"Heterosperma_pinnatum", "Brickellia_eupatorioides", "Brickellia_californica", 
"Zinnia_grandiflora", "Sanvitalia_abertii", "Berlandiera_lyrata", 
"Melampodium_leucanthum", "Pectis_angustifolia", "Thymophylla_acerosa", 
"Hymenopappus_filifolius", "Schkuhria_multiflora", "Bahia_absinthifolia", 
"Lappula_occidentalis", "Cryptantha_crassisepala", "Phacelia_crenulata", 
"Convolvulus_equitans", "Evolvulus_nuttallianus", "Ipomoea_costellata", 
"Chamaesaracha_coronopus", "Solanum_elaeagnifolium", "Menodora_scabra", 
"Penstemon_fendleri", "Plantago_patagonica", "Glandularia_bipinnatifida", 
"Clerodendrum_coulteri", "Salvia_subincisa", "Hedeoma_nana"), 
    c("Ephedra_torreyana", "Elymus_elymoides", "Aristida_purpurea", 
    "Aristida_adscensionis", "Sporobolus_flexuosus", "Enneapogon_desvauxii", 
    "Eragrostis_cilianensis", "Hilaria_jamesii", "Scleropogon_brevifolius", 
    "Erioneuron_pulchellum", "Chondrosum_gracile", "Chondrosum_barbatum", 
    "Chondrosum_eriopoda", "Chondrosum_hirsutum", "Bouteloua_curtipendula", 
    "Muhlenbergia_torreyi", "Muhlenbergia_arenicola", "Sporobolus_contractus", 
    "Muhlenbergia_arenacea", "Lycurus_phleoides", "Muhlenbergia_porteri", 
    "Muhlenbergia_pauciflora", "Oenothera_caespitosa", "Gaura_coccinea", 
    "Gaura_suffulta", "Boechera_fendleri", "Physaria_fendleri", 
    "Physaria_pinetorum", "Sphaeralcea_coccinea", "Sphaeralcea_hastulata", 
    "Sphaeralcea_polychroma", "Rhus_trilobata", "Kallstroemia_parviflora", 
    "Larrea_tridentata", "Linum_puberulum", "Acalypha_neomexicana", 
    "Euphorbia_exstipulata", "Euphorbia_albomarginata", "Euphorbia_revoluta", 
    "Euphorbia_chaetocalyx", "Euphorbia_serpyllifolia", "Euphorbia_serrula", 
    "Hoffmannseggia_drepanocarpa", "Senna_bauhinioides", "Dalea_brachystachya", 
    "Astragalus_missouriensis", "Astragalus_nuttallianus", "Eriogonum_abertianum", 
    "Eriogonum_wrightii", "Mirabilis_linearis", "Acleisanthes_diffusa", 
    "Allionia_incarnata", "Nama_dichotoma", "Nama_hispida", "Portulaca_oleracea", 
    "Portulaca_halimoides", "Drymaria_glandulosa", "Chenopodium_vulvaria", 
    "Chenopodium_incanum", "Amaranthus_palmeri", "Tidestromia_lanuginosa", 
    "Salsola_kali", "Ipomopsis_pumila", "Stephanomeria_pauciflora", 
    "Cirsium_neomexicanum", "Senecio_flaccidus", "Machaeranthera_pinnatifida", 
    "Gutierrezia_sarothrae", "Chaetopappa_ericoides", "Aphanostephus_ramosissimus", 
    "Amauriopsis_dissecta", "Heterosperma_pinnatum", "Brickellia_eupatorioides", 
    "Brickellia_californica", "Zinnia_grandiflora", "Sanvitalia_abertii", 
    "Berlandiera_lyrata", "Melampodium_leucanthum", "Pectis_angustifolia", 
    "Thymophylla_acerosa", "Hymenopappus_filifolius", "Schkuhria_multiflora", 
    "Bahia_absinthifolia", "Lappula_occidentalis", "Cryptantha_crassisepala", 
    "Phacelia_crenulata", "Convolvulus_equitans", "Evolvulus_nuttallianus", 
    "Ipomoea_costellata", "Chamaesaracha_coronopus", "Solanum_elaeagnifolium", 
    "Menodora_scabra", "Penstemon_fendleri", "Plantago_patagonica", 
    "Glandularia_bipinnatifida", "Clerodendrum_coulteri", "Salvia_subincisa", 
    "Hedeoma_nana"))))
